429	14	13	600	42	430	666	610	527	531	285	459	232	573	654	581	498	231	383	141	362	87	640	559	16	18	175	7	199	376	44	633	177	481	300	420	228	90	677	329	159	351	122	114	504	570	233	425	8	91	249	173	174	427	536	480	5	512	616	79	178	421	281	667	533	506	282	572	587	415	554	410	375	113	280	407	111	89	31	624	158	72	622	28	365	574	43	404	15	350	94	80	643	651	93	487	17	248	488	39	426	630	602	528	529	84	384	660	86	462	88	128	321	69	299	653	95	503	428	676	530	644	493	560	32	172	330	30	40	9	526	11	431	83	286	272	75	534	379	378	202	582	489	597	652	352	537	348	532	73	473	29	92	284	601	625	78	385	195	82	621	543	293	110	495	229	400	230	100	112	27	204	405	432	37	571	6	406	634	327	34	586	74	77	328	472	360	81	301	10	41	76	494	103	283	377	294	401	157	273	490	12	347	176	
549	454	452	150	146	133	33	314	140	274	261	453	131	257	259	134	142	141	113	565	137	482	135	448	551	144	145	149	552	612	546	450	143	575	138	451	365	148	449	147	124	132	431	619	519	313	123	260	613	258	618	136	
388	191	193	611	391	179	44	389	387	194	538	650	550	190	181	185	590	392	183	187	180	182	186	499	184	188	192	390	514	500	189	
316	242	0	247	244	237	245	268	243	240	234	238	416	239	267	287	235	415	288	263	236	262	265	264	251	266	241	375	246	
445	66	496	636	589	68	360	397	670	291	408	566	483	67	292	252	399	540	497	398	250	620	254	588	444	251	410	253	409	
577	224	647	576	52	344	578	594	591	626	222	646	342	51	223	668	340	221	593	225	227	226	461	592	343	341	
324	627	629	97	628	105	50	44	326	659	323	96	99	49	325	103	104	102	322	285	187	98	100	662	101	663	
107	353	163	108	205	170	466	109	164	311	169	168	206	404	165	171	167	207	467	106	315	166	
518	56	62	63	156	463	60	154	380	57	54	58	152	59	153	53	462	61	55	
523	470	216	412	214	631	217	220	219	218	215	524	471	632	213	
373	512	457	370	456	374	371	513	139	369	455	554	458	372	
544	522	579	580	491	418	492	490	417	419	420	531	603	
317	316	486	128	129	374	484	126	127	125	485	130	
411	617	201	350	199	202	112	425	200	642	641	
119	121	539	117	115	120	338	116	122	571	118	
27	386	401	26	23	334	402	24	403	25	
310	308	70	658	440	626	71	439	309	438	
22	20	368	151	479	661	441	19	21	
112	277	598	599	278	276	279	275	606	
635	643	270	336	364	335	269	271	337	
318	298	555	297	113	319	320	296	339	295	
302	301	649	127	47	648	303	
357	333	332	288	356	331	553	
349	345	346	400	567	347	348	
386	358	361	359	360	367	366	
2	4	0	362	1	3	
210	209	506	211	208	212	
678	252	637	636	645	659	
260	609	486	607	572	608	
289	639	561	638	290	
469	547	558	468	548	
474	520	476	521	475	
535	545	493	526	525	
35	31	36	38	
203	204	465	464	
237	656	299	655	
382	381	501	502	
460	393	395	394	
518	515	516	517	
650	13	677	
437	46	45	
505	48	47	
113	77	259	
162	161	160	
197	196	198	
255	256	396	
305	304	482	
307	306	312	
424	423	422	
509	508	507	
510	669	511	
542	640	541	
623	569	568	
583	584	585	
640	541	542	
