488	39	609	600	656	630	42	170	655	602	666	84	384	86	485	206	261	88	459	564	654	321	392	299	653	296	95	171	498	383	390	87	339	467	107	163	32	338	116	608	7	376	466	40	44	164	575	481	228	90	677	118	83	159	75	123	122	379	114	378	570	38	425	8	260	91	427	652	537	73	315	119	486	79	115	205	33	484	92	284	601	625	78	237	385	667	311	387	195	82	168	295	317	539	35	110	117	572	495	229	587	319	230	257	167	207	405	259	607	571	113	320	565	551	106	111	89	353	327	31	108	586	555	74	624	77	158	72	328	472	552	36	81	622	109	76	365	169	494	43	85	657	121	318	298	404	120	165	94	80	643	93	157	487	297	248	258	166	
429	426	649	636	47	463	516	133	517	54	430	153	358	610	515	660	1	359	462	61	518	416	232	4	63	573	128	156	69	235	380	503	581	250	428	231	302	262	265	535	676	251	644	362	266	493	331	553	560	16	62	242	357	0	172	496	18	330	672	175	505	244	152	245	268	53	177	526	300	366	55	363	252	272	497	332	154	351	57	504	288	233	582	489	249	361	173	174	597	352	3	356	203	445	155	512	56	316	386	333	178	566	483	243	234	621	292	545	293	267	287	60	415	58	204	264	2	444	37	241	303	375	407	406	66	34	68	360	291	367	301	67	41	240	238	48	574	103	239	540	464	263	377	525	236	294	651	59	254	465	127	648	273	17	253	246	176	
635	270	335	191	52	97	308	637	594	591	389	99	271	342	340	310	411	593	598	499	343	188	439	663	606	189	388	577	647	617	199	344	105	50	179	364	578	323	96	275	51	438	49	325	223	641	104	668	678	71	183	187	225	227	98	202	70	184	341	336	658	224	576	193	645	326	626	538	194	276	550	221	102	190	322	100	112	599	662	182	440	514	324	277	201	611	391	659	269	222	279	646	309	650	181	185	590	350	226	337	180	461	278	592	186	192	642	200	500	
549	145	454	452	149	442	150	247	146	567	542	30	397	612	546	408	421	450	143	314	138	451	140	274	148	449	147	124	132	431	619	399	519	313	541	453	305	400	131	671	398	443	620	304	432	134	142	141	410	613	536	137	482	409	135	448	640	144	618	136	
5	14	209	616	627	29	634	13	211	629	528	529	628	281	9	633	10	527	11	28	531	283	675	533	210	285	329	286	506	282	208	534	15	212	530	12	101	6	280	532	
470	26	334	412	631	24	220	670	524	23	402	403	523	216	214	217	218	219	25	27	215	401	588	471	632	213	
373	126	457	369	455	554	458	370	372	129	456	125	374	513	371	130	139	
580	544	491	418	492	522	579	490	417	419	420	603	
22	20	368	151	479	661	441	19	21	
559	543	473	349	345	346	347	348	480	
289	639	561	638	290	
469	547	558	468	548	
382	381	501	502	
460	393	395	394	
437	46	45	
162	161	160	
197	196	198	
255	256	396	
307	306	312	
424	423	422	
509	508	507	
510	669	511	
623	569	568	
583	584	585	
324	635	388	270	336	335	191	193	97	105	663	611	50	391	637	179	364	645	326	659	269	389	194	323	96	99	538	271	650	49	325	550	104	102	190	322	678	181	185	590	183	187	98	337	100	180	662	182	186	499	184	188	192	514	500	189	
658	577	224	647	576	52	344	308	578	594	591	626	222	646	309	342	51	438	340	223	221	310	668	593	71	225	227	226	461	70	592	440	343	439	341	
549	145	149	150	146	612	143	314	138	140	274	148	147	132	619	519	313	131	671	134	142	141	613	137	482	135	144	618	136	
5	14	209	616	29	13	211	528	529	9	10	527	11	28	531	675	533	210	506	208	534	15	212	530	12	6	532	
79	74	158	77	72	376	81	78	385	622	667	76	195	82	384	228	657	83	159	75	229	379	378	230	80	383	157	87	73	
155	56	62	463	516	672	517	54	152	153	53	515	61	55	518	63	156	60	154	380	57	58	59	
107	353	407	163	108	205	170	466	109	164	311	169	168	206	404	165	171	167	207	405	597	467	106	315	166	
88	39	8	327	91	586	32	93	587	600	378	87	86	481	95	90	92	94	
202	112	277	411	598	278	599	617	276	279	642	200	201	350	275	606	199	641	
523	215	470	524	588	219	216	471	412	214	631	632	217	213	220	670	218	
498	488	625	643	537	321	487	365	328	42	7	472	43	284	
281	285	329	627	634	286	633	282	629	101	280	283	628	
119	121	539	117	115	120	338	571	116	122	118	
459	425	666	427	654	630	652	653	248	677	
27	401	26	23	334	402	24	403	25	
40	44	572	495	379	570	494	602	601	
124	450	452	454	453	451	448	449	546	
318	298	555	297	319	320	296	339	295	
408	620	399	410	409	398	397	
580	418	579	417	419	420	603	
257	260	259	113	258	261	
564	575	123	565	552	551	
421	541	247	536	542	640	
31	35	33	36	38	
111	89	110	624	114	
373	372	374	371	139	
369	554	458	370	513	
544	491	492	522	490	
129	125	126	130	
656	237	655	299	
486	317	484	485	
432	30	431	
387	390	392	
455	456	457	
609	608	607	
429	39	457	442	150	146	133	602	430	492	314	610	23	84	140	411	285	232	544	564	214	69	299	503	581	428	231	598	676	142	458	362	471	644	213	135	606	144	560	470	522	172	338	330	116	175	371	199	612	139	143	491	524	633	575	177	300	275	118	147	363	132	523	329	619	286	519	313	272	123	305	671	122	504	233	38	582	249	173	174	536	632	618	136	119	203	512	549	115	412	456	24	33	178	220	284	421	281	601	369	276	621	274	539	293	35	110	117	282	370	131	217	415	219	100	112	599	27	204	554	37	134	571	375	565	137	482	551	280	145	277	373	634	31	34	149	26	334	631	513	552	360	36	372	41	279	138	365	574	85	283	148	124	121	120	464	443	377	25	218	294	215	278	304	455	465	613	273	490	200	176	
488	635	14	426	270	13	335	600	656	630	42	655	528	529	666	527	86	271	1	462	416	88	459	4	573	321	235	95	262	265	530	141	266	331	553	559	16	357	242	345	0	32	617	18	567	7	30	244	245	349	9	364	268	11	481	90	641	534	332	351	114	288	202	425	489	8	91	427	352	537	348	3	532	356	480	5	616	473	29	336	333	92	625	237	243	346	234	675	533	210	543	506	267	587	287	208	400	264	2	410	241	6	111	89	209	327	211	586	247	201	624	328	472	10	240	269	28	238	43	239	15	350	263	212	94	236	337	643	651	93	487	12	17	642	248	347	246	
191	52	97	628	308	594	591	389	99	342	340	310	593	392	499	343	188	390	439	101	663	189	388	577	647	629	344	105	50	44	179	578	323	96	51	438	49	325	223	668	104	677	71	183	187	225	227	98	70	184	341	627	658	224	576	193	326	626	538	387	194	550	221	102	190	322	495	662	182	440	514	324	611	391	222	646	309	650	494	103	181	185	590	226	180	461	592	186	192	500	
107	353	406	163	407	609	108	486	555	579	205	608	542	170	466	418	109	164	311	417	660	419	420	169	531	168	295	603	206	261	318	298	541	404	572	165	319	296	171	257	167	207	405	260	580	259	607	597	297	113	320	339	467	258	640	106	315	166	
155	56	386	62	463	516	672	517	367	54	152	40	153	358	53	515	526	402	403	359	366	61	55	518	545	63	156	60	154	380	57	570	525	58	535	59	401	361	493	
445	66	496	636	589	68	397	670	291	408	566	483	67	637	645	659	678	292	252	399	540	216	497	398	250	620	254	588	444	251	253	409	
317	126	301	302	316	649	127	47	128	129	648	303	125	374	485	130	48	484	505	
498	454	450	431	452	432	654	453	451	652	653	448	449	546	
22	20	368	479	19	21	
474	520	476	521	475	
119	203	429	634	34	522	172	115	338	330	116	175	178	360	284	421	281	430	491	492	610	633	41	177	300	621	574	283	118	363	121	285	329	539	232	286	293	117	544	282	272	120	464	69	122	415	503	504	233	377	581	294	100	428	231	582	204	676	249	37	465	173	174	362	273	490	375	536	571	644	280	176	560	
5	111	89	14	209	635	270	327	13	211	335	32	336	586	600	617	201	624	328	42	7	92	528	529	625	9	364	10	527	269	11	481	271	90	43	641	675	533	88	210	506	321	587	208	534	15	114	95	212	94	337	202	643	489	8	530	91	93	12	642	537	6	532	
324	627	388	191	629	193	97	105	628	663	611	50	391	44	179	326	389	387	194	323	96	99	538	650	494	49	103	325	550	104	102	190	322	677	181	185	590	495	392	183	187	98	180	662	182	186	499	184	188	192	390	514	101	500	189	
549	145	373	512	457	149	442	150	456	146	133	371	33	513	612	139	143	369	314	372	138	140	274	148	147	132	619	519	313	370	305	131	671	443	304	455	554	134	142	458	613	137	482	135	144	618	136	
488	16	357	242	333	0	247	18	656	655	244	237	245	268	243	240	234	356	238	1	416	239	267	4	573	287	332	235	288	263	236	262	265	264	2	266	241	487	17	3	246	331	553	
39	470	31	26	334	412	631	24	552	220	602	36	601	524	575	23	84	365	85	124	523	35	564	214	123	299	217	218	219	25	38	27	215	471	565	632	213	551	
559	426	616	473	29	345	630	567	472	30	666	349	346	86	28	462	459	543	351	400	350	425	651	410	141	427	248	347	352	348	480	
155	56	62	463	516	672	517	54	152	40	153	53	515	526	61	55	518	545	63	156	60	154	380	57	570	525	58	535	59	493	
79	74	158	77	72	81	78	385	622	667	76	195	82	384	83	159	75	80	383	157	73	
257	318	260	609	259	486	298	555	607	572	297	113	319	320	296	339	608	258	295	261	
112	277	411	598	278	599	110	276	279	200	275	606	199	
406	580	418	541	579	417	660	419	542	420	531	640	603	
445	292	566	67	254	540	444	496	497	291	
408	620	66	483	399	68	409	398	397	
386	401	358	361	402	403	359	367	366	
498	454	450	452	453	451	448	449	546	
126	128	129	125	374	130	
302	301	649	648	303	
678	637	636	645	659	
588	670	589	216	
251	253	252	250	
505	48	47	
378	87	379	
229	228	230	
317	484	485	
652	654	653	
