242	247	656	655	244	237	245	268	243	240	234	238	416	239	267	287	235	263	236	262	265	264	266	241	375	246	
577	224	647	576	52	344	578	594	591	222	646	342	51	340	223	221	668	593	225	227	226	461	592	343	341	
388	611	391	179	389	387	194	538	650	181	185	590	392	187	180	186	184	188	192	390	189	
559	425	431	543	473	13	432	427	654	677	630	400	567	248	28	652	653	360	30	480	
155	56	62	63	156	463	60	154	380	672	57	54	58	152	59	153	53	61	55	
625	88	39	8	327	472	586	537	84	321	587	85	86	328	42	7	365	43	
5	14	506	9	530	10	527	534	12	11	15	6	532	675	528	533	529	
459	406	426	616	666	29	34	541	113	660	352	542	462	640	
100	203	582	204	31	249	37	465	464	69	415	574	581	560	
445	292	66	483	67	254	566	540	444	496	636	68	497	291	
145	143	134	135	142	133	131	137	33	144	274	148	136	
421	363	504	610	644	362	41	330	299	536	300	621	503	
107	163	167	405	164	404	467	169	170	168	466	166	
353	207	108	109	311	106	165	205	171	315	206	
91	32	93	600	378	87	481	95	90	92	
78	385	622	83	157	75	76	82	72	81	
147	132	149	519	141	150	313	146	138	482	
22	20	368	151	479	661	441	19	21	
190	182	499	191	500	183	514	193	550	
215	219	216	412	214	217	213	220	218	
635	643	270	336	364	335	269	271	337	
318	298	555	297	319	320	296	339	295	
379	383	79	77	74	195	158	73	
124	564	575	123	565	552	551	546	
549	619	314	613	164	671	140	612	618	
281	285	329	286	282	280	283	284	
40	44	495	570	494	602	601	
667	159	229	384	228	230	80	
202	617	201	642	199	641	94	
102	105	96	101	103	97	104	
324	322	326	323	99	325	98	
172	173	174	177	375	175	178	176	
428	429	430	293	272	273	294	
357	333	332	288	356	331	553	
408	620	399	410	409	398	397	
454	450	452	453	451	448	449	
27	26	23	334	24	25	
310	308	70	71	309	438	
512	369	554	458	370	513	
523	524	470	471	631	632	
2	4	0	1	3	
111	89	110	624	114	
126	128	129	125	130	
373	372	374	371	139	
210	209	211	208	212	
676	232	597	377	407	
257	260	259	113	258	261	
277	278	276	275	606	
289	639	561	638	290	
302	301	649	648	303	
349	345	346	347	348	
358	361	359	360	367	366	
580	579	419	420	531	
469	547	558	468	548	
474	520	476	521	475	
544	491	492	522	490	
535	545	493	526	525	
16	573	18	17	
49	50	662	663	
411	112	200	350	
115	117	121	116	
119	571	539	120	
252	251	253	250	
486	317	484	485	
382	381	501	502	
403	402	386	401	
460	393	395	394	
518	515	516	517	
609	608	607	572	
678	637	645	659	
35	36	38	
437	46	45	
505	48	47	
338	122	118	
162	161	160	
197	196	198	
231	489	233	
255	256	396	
279	599	598	
307	306	312	
418	417	603	
424	423	422	
455	456	457	
487	488	498	
509	508	507	
510	669	511	
623	569	568	
583	584	585	
588	670	589	
629	627	628	
5	111	89	14	39	327	586	32	600	624	328	42	7	472	602	92	528	529	601	625	40	9	44	10	527	84	526	11	86	365	481	494	90	85	43	675	533	88	506	545	110	321	495	587	534	15	114	95	378	570	525	535	8	530	91	93	493	12	87	537	6	532	
388	577	224	647	576	191	52	193	344	611	391	179	578	594	591	389	387	194	222	538	646	650	51	342	223	340	221	190	550	668	181	185	590	593	392	183	187	225	227	226	180	461	182	592	186	499	184	343	188	192	390	514	500	341	189	
559	445	66	473	13	345	496	636	589	68	630	567	409	360	397	30	291	670	408	566	483	67	349	346	28	677	292	252	431	543	399	540	654	497	400	653	398	250	620	425	254	432	444	251	410	427	588	652	253	248	347	348	480	
324	203	429	627	31	172	629	175	178	97	105	628	50	430	326	177	323	96	99	574	49	103	325	104	102	322	293	272	464	69	351	415	581	98	294	100	428	582	651	204	662	249	37	465	173	174	273	101	663	176	560	
242	0	247	656	330	655	244	421	237	245	610	268	243	41	240	234	300	238	621	1	363	416	239	267	4	287	235	299	503	504	263	236	262	265	264	2	644	362	266	241	375	536	3	246	
549	145	454	452	149	442	150	146	133	33	612	450	143	314	138	451	140	274	148	449	147	132	619	519	313	453	305	131	671	443	304	134	142	141	613	137	482	135	448	144	618	136	
155	406	56	426	29	62	616	34	463	516	672	542	517	54	152	666	153	53	515	660	462	61	55	518	459	63	541	156	60	154	380	57	58	59	113	352	640	
107	353	407	163	108	205	170	466	109	164	311	169	168	206	232	404	165	171	377	167	207	405	676	597	467	106	315	166	
79	74	158	77	72	376	81	78	385	622	667	76	195	82	384	228	657	83	159	75	229	379	230	80	383	157	73	
202	112	277	411	598	278	599	617	276	279	642	200	201	350	275	606	199	641	94	
373	512	126	457	369	455	554	458	128	370	129	372	456	125	374	513	371	130	139	
523	215	470	524	35	219	216	471	412	214	631	632	217	213	220	218	36	38	
124	257	260	609	259	564	575	607	572	546	123	565	608	552	258	551	261	
27	386	401	358	26	361	367	23	334	402	24	403	359	25	366	
317	302	301	316	649	486	127	47	648	303	485	505	48	484	
498	281	285	488	329	634	286	633	282	487	280	283	284	
580	544	491	418	492	522	579	490	417	419	420	531	603	
119	121	539	117	115	120	338	116	122	571	118	
310	308	70	658	440	626	71	439	309	438	
388	191	193	611	391	179	389	387	194	538	550	190	181	185	590	392	183	187	180	182	186	499	184	188	192	390	514	500	189	
445	66	496	636	589	68	397	670	291	408	566	483	67	292	399	540	216	497	398	620	254	588	444	409	
316	242	244	245	268	243	240	234	238	416	239	267	287	235	415	263	236	262	265	264	266	241	246	
461	578	594	577	592	224	591	593	647	226	222	576	52	51	225	227	223	668	221	
107	163	167	207	166	108	109	311	168	205	467	169	170	171	106	466	206	80	
625	88	39	489	643	327	537	84	321	214	587	299	328	42	7	85	81	
158	385	667	83	159	383	157	75	74	76	195	384	77	72	73	
512	406	580	544	491	418	541	579	417	660	419	542	420	640	603	
145	143	134	142	442	60	131	137	135	443	144	274	136	
102	322	324	326	325	323	96	99	49	97	98	105	
506	13	530	527	534	531	675	528	533	529	
27	369	249	37	554	573	128	370	69	574	
459	426	425	504	666	427	41	503	630	462	
353	91	93	481	95	90	43	92	94	532	
124	564	575	600	123	565	552	551	602	601	
373	457	455	458	372	456	374	371	513	139	
281	329	634	286	633	282	15	280	283	
610	644	571	330	133	300	621	199	103	
112	277	598	599	278	276	279	275	606	
317	609	486	607	572	608	485	484	315	
386	401	26	23	402	24	403	25	
302	301	649	47	648	303	505	48	
202	637	659	617	201	642	641	104	
218	215	334	412	217	213	220	219	
616	29	410	86	28	472	30	
100	582	651	34	351	581	560	
450	452	453	451	448	449	546	
5	14	9	10	12	6	
31	35	365	33	36	38	
407	405	471	404	597	148	
340	343	646	342	344	341	
8	586	32	165	284	
498	454	488	18	487	
40	545	63	493	570	
421	78	141	247	536	
285	627	629	101	628	
126	127	129	125	130	
231	676	232	233	377	
431	432	654	652	653	
11	567	248	400	
203	464	465	204	
333	288	332	331	
559	480	543	473	
44	494	495	
50	662	663	
376	79	657	
622	82	352	
378	87	379	
411	200	350	
229	228	230	
656	237	655	
356	553	357	
490	522	492	
526	525	535	
