111	89	39	488	634	327	609	586	32	600	608	624	328	42	7	602	92	284	601	281	625	40	44	633	84	526	481	365	494	90	85	43	283	88	285	329	286	545	110	282	321	495	572	587	299	114	95	378	570	525	94	498	535	8	91	93	607	487	493	87	537	280	532	
559	406	426	616	473	29	34	345	630	567	542	472	360	30	421	666	349	41	346	660	86	28	462	459	431	543	541	654	351	400	653	503	504	425	651	432	427	536	652	248	347	352	348	640	480	
549	145	454	452	149	442	150	146	133	33	612	450	143	314	138	451	140	274	148	449	147	132	619	519	313	453	305	131	671	443	304	134	142	141	613	137	482	135	448	144	618	136	
16	242	247	18	656	655	376	244	237	245	268	243	240	234	238	657	416	239	267	573	287	235	263	236	262	265	264	266	241	375	17	246	
445	66	496	636	589	68	397	670	291	408	566	483	67	637	645	659	678	292	252	399	540	497	398	250	620	254	588	444	251	410	253	409	
203	31	172	330	175	178	36	610	177	300	621	574	363	35	464	69	415	581	38	100	582	204	249	37	465	173	174	362	644	176	560	
388	191	193	611	391	179	389	387	194	538	650	550	190	181	185	590	392	183	187	180	182	186	499	184	188	192	390	514	500	189	
577	224	647	576	52	344	578	594	591	222	646	342	51	340	223	221	668	593	225	227	226	461	592	343	341	
79	74	158	77	72	81	78	385	622	667	76	195	82	384	228	83	159	75	229	379	230	80	383	157	73	
5	14	209	13	211	528	529	9	10	527	11	675	677	533	210	506	208	534	15	212	530	12	6	
155	56	62	463	516	672	517	54	152	153	53	515	61	55	518	63	156	60	154	380	57	58	59	
107	353	163	108	205	170	466	109	164	311	169	168	206	404	165	171	167	207	405	467	106	315	166	
324	627	629	97	628	105	50	326	323	96	99	325	103	49	104	102	322	98	662	101	663	
373	512	126	457	369	455	554	458	128	370	129	372	456	125	374	513	371	130	139	
202	112	277	411	598	278	599	617	276	279	642	200	201	350	275	606	199	641	
119	121	539	2	117	4	0	115	120	338	571	116	122	1	3	118	
27	386	401	358	26	361	367	23	334	402	24	403	359	25	366	
523	470	216	412	214	631	217	220	219	218	215	524	471	632	213	
317	302	301	316	649	486	127	47	648	303	485	505	48	484	
124	257	260	259	564	575	546	113	123	565	552	258	551	261	
580	544	491	418	492	522	579	490	417	419	420	531	603	
310	308	70	658	440	626	71	439	309	438	
22	20	368	151	479	661	441	19	21	
635	643	270	336	364	335	269	271	337	
318	298	555	297	319	320	296	339	295	
231	489	676	232	597	233	377	407	
428	429	430	293	272	273	294	
357	333	332	288	356	331	553	
289	639	561	638	290	
469	547	558	468	548	
474	520	476	521	475	
382	381	501	502	
460	393	395	394	
437	46	45	
162	161	160	
197	196	198	
255	256	396	
307	306	312	
424	423	422	
509	508	507	
510	669	511	
623	569	568	
583	584	585	
39	327	586	32	600	328	42	7	602	92	601	625	481	365	90	43	88	321	587	299	95	378	94	8	91	93	87	537	532	
549	145	149	150	146	612	314	138	140	147	132	619	519	313	131	671	141	613	482	144	618	
461	578	577	224	647	226	222	576	225	227	223	668	221	
431	616	29	432	400	86	248	28	567	360	30	
445	292	566	67	254	540	444	496	636	497	291	
119	121	539	117	115	120	338	571	116	122	118	
506	13	530	527	534	677	675	528	533	529	
143	134	135	142	133	137	33	274	148	136	
408	620	66	483	399	410	68	409	398	397	
202	411	617	200	201	350	642	199	641	
498	281	285	329	286	282	280	283	284	
5	14	9	10	12	11	15	6	
459	426	425	666	34	427	630	462	
40	545	44	572	495	493	570	494	
324	322	326	325	323	99	49	98	
580	418	579	417	419	420	531	603	
102	105	96	101	103	97	104	
302	301	316	649	127	648	303	
172	173	174	177	175	178	176	
454	450	452	453	451	448	449	
27	26	23	334	24	25	
257	260	259	113	258	261	
340	343	646	342	344	341	
512	369	554	458	370	513	
2	4	0	1	3	
249	37	69	415	574	
421	504	41	536	503	
111	89	110	624	114	
124	564	123	565	546	
126	128	129	125	130	
373	372	374	371	139	
210	209	211	208	212	
231	489	676	232	233	
428	429	430	272	273	
277	278	276	275	606	
610	644	330	300	621	
349	345	346	347	348	
358	361	359	367	366	
559	543	473	472	480	
544	491	492	522	490	
18	17	573	16	
35	31	36	38	
112	599	279	598	
203	464	465	204	
251	253	252	250	
486	317	484	485	
403	402	386	401	
518	517	516	515	
594	592	591	593	
678	645	659	637	
505	48	47	
50	662	663	
351	352	651	
377	407	597	
660	640	406	
455	456	457	
526	525	535	
552	551	575	
588	670	589	
609	608	607	
629	627	628	
652	654	653	
