284	548	520	547	420	49	663	644	553	558	11	542	656	174	173	175	280	286	356	475	5	476	640	436	281	435	178	357	521	333	469	285	541	465	204	294	283	563	6	282	603	417	474	580	579	177	464	203	287	288	418	331	574	419	50	15	263	468	293	662	332	531	176	
611	179	185	499	646	181	343	222	390	576	194	184	191	223	647	51	190	413	180	500	594	591	514	578	188	278	197	592	593	198	577	226	227	224	196	342	387	193	221	341	186	183	388	182	461	225	187	550	590	389	52	344	192	189	392	668	391	340	
399	445	365	347	588	346	248	408	659	362	397	251	472	398	292	22	444	637	620	67	112	645	480	410	463	254	597	68	496	253	432	497	252	543	655	66	636	368	431	446	348	540	447	330	18	345	363	589	250	349	338	409	
219	220	471	85	396	169	28	84	109	321	255	315	205	488	487	599	17	524	353	108	16	329	267	206	632	631	107	610	106	355	207	586	164	462	470	311	163	165	148	279	18	354	503	523	538	256	171	
172	539	583	546	86	173	569	483	596	370	155	377	585	369	300	473	485	34	124	602	563	37	208	210	568	565	660	43	211	417	676	380	584	623	407	209	212	486	564	
525	505	36	617	518	199	92	114	38	535	526	672	201	93	516	110	299	95	467	545	498	89	47	648	94	249	111	517	35	624	31	202	515	91	481	493	48	
268	63	235	241	54	240	56	247	153	58	239	266	245	244	154	60	246	236	53	243	156	242	641	237	234	238	55	262	61	57	59	265	62	152	
77	148	72	144	74	150	137	136	482	79	572	384	158	142	159	143	83	383	81	75	82	195	274	78	157	385	80	33	76	133	73	411	145	131	
268	63	235	241	54	240	56	247	153	58	239	266	245	244	154	60	246	236	53	243	156	242	641	237	234	238	55	262	61	57	59	265	62	152	
399	445	588	637	408	659	251	68	292	444	620	67	410	397	496	253	432	497	254	543	655	66	431	446	540	447	330	463	589	250	636	338	409	
578	646	222	227	223	647	51	593	461	594	514	592	198	577	197	226	224	196	342	221	341	591	225	343	52	344	576	668	340	
179	185	191	190	611	181	390	184	183	413	180	500	188	194	387	193	499	186	388	182	187	550	590	389	192	189	392	391	
525	505	36	110	201	114	535	526	467	199	545	498	89	47	648	38	111	35	624	493	202	31	48	
121	501	318	295	571	296	320	117	118	502	297	298	120	119	382	339	555	122	115	127	538	381	319	
536	324	630	459	323	105	426	425	666	322	98	97	99	104	101	421	96	427	326	102	103	325	
662	418	417	50	558	49	663	579	203	204	547	548	603	469	468	464	465	531	420	419	580	
159	157	385	77	78	76	72	383	79	148	75	384	158	82	83	73	411	195	80	74	81	
571	296	555	117	502	339	320	118	121	501	382	119	318	115	297	122	298	295	120	381	319	
360	200	537	350	581	305	88	269	657	635	304	595	587	364	376	616	582	337	335	270	375	
284	285	280	286	475	520	294	574	5	283	476	6	15	282	263	293	474	281	11	521	
172	86	173	564	569	596	407	377	34	300	568	602	37	565	660	546	124	623	
165	625	107	311	315	205	106	90	109	108	87	207	353	164	169	206	171	163	
247	262	243	235	245	266	241	244	237	238	240	268	234	246	236	265	239	242	
19	479	21	20	450	151	454	22	448	30	452	29	248	453	441	451	449	
428	512	69	273	42	513	457	294	272	456	430	458	429	670	455	554	415	
539	317	501	318	296	502	298	123	485	297	155	116	584	484	382	486	381	
539	583	483	370	585	369	473	485	563	155	43	417	676	380	584	486	
230	289	228	290	633	269	229	509	638	508	507	561	639	635	634	667	
165	625	107	311	315	205	106	109	108	207	353	164	169	206	171	163	
347	346	248	362	472	22	112	480	597	18	368	348	345	363	349	
165	107	311	315	205	106	109	108	207	353	164	169	206	171	163	
172	86	173	564	568	569	596	407	377	34	300	602	37	660	623	
53	63	59	156	56	58	54	57	154	61	60	55	153	152	62	
165	107	311	315	205	106	109	108	207	353	164	169	206	171	163	
165	107	311	315	205	106	109	108	207	353	164	169	206	171	163	
165	107	311	315	205	106	109	108	207	353	164	169	206	171	163	
141	147	150	482	144	140	146	149	138	519	131	145	313	132	
9	257	261	533	628	12	113	259	627	506	260	629	527	258	
199	92	525	526	94	202	535	672	95	617	91	481	201	93	
131	619	482	314	613	618	144	149	612	140	145	549	150	
137	142	136	150	33	482	572	144	133	274	143	145	131	
537	581	582	337	360	595	269	335	270	375	635	364	
165	169	107	148	170	166	167	164	168	466	163	404	
528	677	614	606	534	652	532	530	41	13	566	
165	107	148	170	166	167	164	168	466	169	163	
439	308	70	438	626	658	310	309	71	440	
214	220	216	412	215	218	217	213	219	
65	378	665	291	664	64	605	604	562	
631	523	220	632	471	470	148	524	219	
424	25	23	24	334	422	26	27	423	
296	320	339	555	318	297	298	295	319	
529	675	567	400	643	654	379	653	
92	299	95	93	94	91	481	249	
420	418	417	531	603	580	579	419	
296	539	155	584	116	501	502	298	
539	417	676	380	370	155	369	483	
19	21	20	151	479	22	661	441	
504	128	130	126	129	674	673	125	
6	15	263	294	574	5	293	11	
328	32	601	39	600	8	7	327	
92	672	95	617	94	91	481	93	
19	21	20	151	479	22	661	441	
316	367	359	570	366	361	306	358	
356	331	333	332	357	288	553	
454	450	448	452	453	451	449	
337	269	335	271	270	635	364	
19	21	20	151	479	22	441	
280	281	286	282	284	285	283	
317	381	484	382	486	123	485	
559	232	231	233	336	264	489	
102	104	97	101	96	103	
301	303	302	621	649	127	
491	544	650	351	406	651	
178	176	174	173	177	175	
92	481	93	94	91	95	
113	257	261	260	259	258	
430	428	273	294	272	429	
337	269	335	270	635	364	
109	315	207	206	171	
291	665	664	378	562	
561	638	290	289	639	
211	208	210	209	212	
563	584	43	486	473	
114	624	89	110	111	
4	0	3	2	1	
9	629	628	12	627	
367	359	366	361	358	
373	374	371	372	139	
350	616	88	200	587	
539	417	676	380	483	
17	18	462	16	503	
109	315	207	206	171	
325	323	326	324	322	
476	520	474	521	475	
232	231	233	264	489	
211	208	210	209	212	
573	275	276	277	
301	127	621	302	
495	44	494	40	
669	510	511	404	
27	334	26	23	
649	301	127	302	
662	49	663	50	
303	301	127	302	
394	395	460	393	
502	382	381	501	
464	465	204	203	
608	609	414	607	
548	469	558	547	
165	353	106	207	
230	228	229	667	
401	402	386	403	
495	44	40	494	
458	457	455	456	
517	518	515	516	
405	671	404	
598	279	599	
312	307	414	
535	526	525	
615	622	678	
27	24	23	
118	121	119	
522	490	492	
486	484	485	
202	199	201	
423	422	424	
36	31	38	
507	509	508	
598	279	599	
552	575	551	
134	148	135	
370	155	369	
476	474	475	
506	527	533	
581	595	582	
124	565	546	
637	636	253	
162	161	160	
29	248	30	
160	162	161	
507	509	508	
629	628	627	
437	46	45	
585	583	485	
505	48	47	
616	350	200	
491	544	650	
541	640	542	
416	477	478	
122	120	571	
630	425	459	
