277	353	627	388	0	32	306	608	220	360	1187	36	421	1070	381	53	626	269	526	309	475	1	736	43	340	55	322	63	573	272	208	305	235	724	502	503	504	890	212	94	257	599	899	278	59	588	37	93	174	1167	64	303	12	468	341	189	
111	155	66	13	149	79	866	579	1168	205	256	689	42	54	22	625	308	923	1188	349	578	594	1114	728	96	195	65	563	1146	88	255	1136	619	681	321	75	379	95	443	219	218	250	751	112	1160	204	259	1159	786	952	490	200	1206	1002	
473	327	980	108	242	1147	873	1061	656	1138	374	1325	803	1234	1106	1306	245	1248	798	508	23	234	867	86	403	1213	48	1247	603	416	942	1270	997	1137	433	936	1310	557	812	296	415	953	355	304	1081	361	770	87	339	467	926	
807	883	1193	1058	649	34	1085	412	844	629	466	291	408	143	40	1149	84	1294	846	76	384	888	1315	832	169	531	1162	168	85	1337	148	382	948	1333	775	1032	398	1202	843	1117	1332	1098	1125	1124	1102	142	1273	788	994	1089	1260	
1048	56	1210	442	463	996	52	1023	595	895	992	434	126	1022	1177	268	1006	1300	51	228	951	971	697	1289	495	1223	57	288	227	1243	294	1008	1103	941	173	1195	648	125	742	352	640	356	1020	
5	454	693	1071	577	26	932	133	33	30	97	244	152	301	243	45	279	271	485	818	910	1218	161	4	453	985	1219	802	944	98	498	1312	180	302	598	254	141	820	687	
969	31	47	1096	528	394	237	665	840	794	358	1176	10	527	757	99	927	275	462	359	295	943	1209	523	539	232	159	933	100	428	231	425	718	471	1021	409	897	280	507	
512	634	1142	224	1275	1183	105	109	915	419	1143	420	715	901	261	809	110	393	21	974	233	819	1208	260	2	437	597	571	771	347	348	3	106	176	
496	752	160	672	552	72	979	892	815	855	501	748	1175	238	801	991	239	446	773	120	71	497	534	653	378	785	1173	747	746	70	763	605	
1217	1199	1161	1256	822	849	965	1019	666	659	964	49	683	181	185	1216	370	479	587	60	671	1054	182	1293	444	186	1074	782	532	810	
938	701	1170	472	196	706	982	103	674	104	703	921	541	156	904	723	1031	1060	727	722	197	676	922	432	1043	251	905	1196	673	705	
107	324	413	827	423	1211	68	1212	628	284	194	82	130	717	835	1239	400	1238	525	957	1045	1231	520	1044	1348	652	891	606	166	
289	426	452	704	744	658	655	637	179	931	856	451	494	121	795	639	590	669	845	572	122	27	778	134	427	253	46	290	
616	486	692	191	691	624	542	721	170	1108	477	710	623	1107	1241	564	128	171	265	264	460	127	478	192	487	137	136	
635	756	561	247	783	505	1029	9	558	476	276	435	1281	365	995	102	252	431	766	1036	263	202	1121	188	101	246	
119	714	589	391	615	947	11	621	140	118	889	726	946	392	395	570	1079	804	167	207	800	1042	499	500	448	797	
429	636	172	841	158	1141	430	1194	851	1088	69	638	861	976	236	461	1073	1064	764	1233	737	248	135	863	
1094	516	328	424	875	700	314	177	402	1024	668	190	35	547	519	585	123	80	401	607	686	663	6	
145	209	898	1097	201	1046	77	175	1105	344	281	645	591	210	282	1063	914	569	1052	343	1075	1051	144	
1252	874	1232	81	1229	524	1166	515	41	1131	660	961	887	774	1354	675	657	1351	852	1350	886	1236	
203	211	441	146	354	622	491	492	870	753	399	216	229	935	187	230	735	262	592	1038	440	560	
767	576	631	630	1113	758	1345	793	164	575	761	836	816	1133	878	1012	165	580	414	825	762	814	
39	1222	1278	919	50	1207	1314	1280	292	404	464	38	405	1092	1062	1225	760	1017	1181	1224	1099	
1319	510	776	509	1264	1154	998	601	1321	300	677	828	124	678	749	777	799	299	750	1346	537	
850	708	163	16	418	410	326	719	720	389	162	390	538	417	17	707	1093	1186	945	1291	
147	986	960	1110	1220	1139	1221	1282	584	465	458	1111	1132	115	1100	113	28	1007	574	366	
373	317	445	755	1053	316	1271	44	117	372	988	129	1066	481	1200	1123	1034	1005	916	1091	
474	556	1299	1344	336	1329	91	610	1040	1295	713	214	581	1254	1343	213	1328	397	92	1115	
1078	1059	1157	792	29	1013	1152	568	854	555	740	956	567	1277	885	741	977	739	884	
549	1269	582	583	293	609	383	696	869	940	978	893	1178	604	338	350	548	258	367	
1266	1309	806	1158	1276	1334	647	1326	907	1336	646	868	826	1263	805	1335	1134	1246	906	
862	1087	8	357	1129	333	345	698	334	320	319	217	632	823	987	221	
1308	506	368	684	702	1307	1172	1298	765	781	729	817	24	1279	685	1215	
1324	329	545	74	7	484	25	900	546	58	667	67	745	73	865	
877	651	1286	62	876	1011	1259	896	266	1203	990	1318	1001	1330	61	
1198	643	1145	857	249	1189	644	1349	514	732	811	848	1122	1182	206	
1128	1055	1285	469	522	554	633	313	1014	690	1163	789	521	1016	312	
406	937	436	1272	984	617	1205	983	1039	371	1104	1342	447	618	407	
1258	903	1169	386	1003	369	153	1057	600	387	154	225	1056	226	
310	882	459	894	215	654	362	311	439	1028	438	325	699	562	
917	918	1316	1304	1274	768	1179	939	493	847	769	1284	1192	1190	
1240	1077	1080	535	902	422	1076	351	993	954	178	1237	784	
488	132	285	489	688	779	457	83	1041	780	307	1118	
518	89	920	1018	1311	1140	1184	222	330	517	90	331	
318	543	286	544	540	858	908	682	287	131	1249	602	
712	470	1072	925	821	323	972	1030	1049	193	376	511	
411	731	614	1082	1287	364	864	1065	880	879	808	1235	
1050	14	913	1242	743	565	15	1004	513	596	396	
20	733	975	1067	332	754	860	981	551	550	
1267	455	151	670	150	1214	456	1253	1268	377	
958	270	959	335	298	297	973	199	198	533	
1255	1116	450	1086	1226	1227	1320	1156	1000	449	
611	1130	709	759	184	183	1204	1069	337	
730	1015	949	831	950	116	1228	480	
911	1197	791	613	157	593	1109	612	
1290	1068	1302	1135	1083	1347	1112	223	
664	529	999	694	1035	283	930	695	
796	824	1119	1120	650	1201	912	725	
1165	1288	1305	1164	1331	680	679	1155	
1185	1191	1010	1296	1009	1297	139	
1301	871	872	1148	536	1037	1265	
559	566	787	18	19	553	
78	662	970	1101	661	989	
967	881	934	375	138	1171	
385	929	240	273	241	274	
1025	1090	968	267	1303	1230	
830	829	482	928	1084	1144	
1151	1257	834	833	738	772	
586	837	838	1283	315	
483	924	734	642	641	
620	1047	716	962	963	
363	380	966	342	
530	859	839	1317	
711	1027	842	1026	
1262	853	1033	1292	
114	813	909	
790	1180	1095	
1327	1338	955	
1127	1126	1174	
1341	1340	1153	
1245	1261	1244	
277	627	306	608	360	1187	381	626	526	1	736	43	55	322	573	502	503	212	899	59	64	341	189	
0	32	421	1070	53	269	309	475	63	272	305	235	724	504	890	94	599	588	174	1167	303	12	
111	13	79	256	42	22	625	308	349	594	195	88	255	619	681	75	443	219	218	250	751	259	
149	866	579	205	689	54	923	578	1114	728	96	65	563	1146	1136	379	95	112	204	490	200	
5	180	302	301	598	693	820	1071	577	26	45	985	133	271	802	33	30	687	
121	27	426	452	639	637	179	590	658	134	669	778	845	572	931	856	46	655	
498	454	152	910	161	944	4	141	243	279	453	932	485	818	97	244	98	
100	523	665	794	358	10	47	462	471	757	99	359	295	394	
245	304	327	467	242	23	770	234	374	87	86	296	403	355	
718	428	425	840	969	31	275	527	1096	1021	409	280	528	943	
663	875	401	35	314	700	519	585	607	686	123	328	1024	668	
1270	997	508	1081	433	1310	656	867	1325	803	1234	48	603	1306	
434	126	1008	1103	1210	268	173	1223	125	352	288	1020	951	294	
202	102	431	766	9	188	276	476	435	783	365	505	263	
119	167	800	1042	615	499	589	392	11	621	570	140	804	
635	252	756	561	558	247	1121	1036	1281	101	995	246	1029	
416	798	980	108	1147	361	936	873	1061	339	415	1213	953	
391	207	714	889	726	946	947	500	395	448	1079	797	118	
1332	948	1058	1124	34	1032	1294	1315	169	168	291	1117	
408	1193	40	649	1273	84	412	994	1260	832	85	148	
512	634	437	110	809	109	393	771	419	347	176	105	
815	747	1173	746	496	752	446	773	120	763	378	892	
257	353	278	388	37	93	208	468	220	340	36	
1160	155	66	1188	1159	786	952	321	1168	1206	1002	
474	556	91	610	1040	214	581	213	1328	397	92	
623	616	265	486	1107	127	478	192	137	542	136	
622	491	399	1038	216	229	441	146	230	354	560	
239	801	160	855	534	501	672	653	238	552	785	
324	1045	520	423	1044	194	652	400	827	957	166	
1198	643	1145	249	1189	644	514	732	811	848	1182	
1053	1271	44	988	129	481	1200	1123	916	1091	
1048	1022	227	1006	52	1023	51	228	356	895	
382	883	1149	846	1089	384	76	888	531	843	
1208	224	597	571	974	1275	420	348	106	233	
373	317	445	755	316	117	372	1066	1034	1005	
289	704	744	795	427	451	253	122	494	290	
1258	903	386	1003	369	153	154	225	1056	226	
197	922	251	156	905	904	982	472	196	727	
708	163	418	538	390	1093	417	707	1186	945	
965	1054	666	185	182	1199	964	1161	822	782	
549	582	583	293	940	1178	869	350	548	367	
938	722	1043	432	921	1196	701	673	723	674	
190	1094	424	547	177	516	402	6	80	
1019	444	186	370	659	671	49	810	532	
991	70	71	497	748	1175	605	72	979	
580	414	878	576	631	630	165	816	814	
684	1172	1298	729	24	1279	685	1215	
1229	1166	41	961	774	1232	675	1350	
56	1177	648	996	742	57	1243	595	
107	413	717	1348	284	525	1212	628	
1108	128	692	487	721	170	171	477	
203	262	492	592	440	187	753	735	
710	1241	460	264	564	191	691	624	
210	209	1052	1063	201	1075	1105	1051	
357	333	345	334	319	632	217	823	
1128	522	554	1163	313	690	789	312	
1308	506	368	702	1307	781	765	817	
1252	1351	524	515	1236	660	1354	657	
1059	1157	740	555	956	567	739	1078	
1133	1012	575	836	767	825	1113	1345	
1142	260	2	915	3	819	261	
850	16	410	326	389	17	1291	
1217	1293	479	1074	587	1256	60	
281	569	1046	645	591	77	175	
750	124	1321	1346	1264	1154	998	
858	286	908	682	287	131	1249	
1072	323	1049	511	376	193	972	
518	920	1018	1184	330	517	331	
609	696	383	978	893	604	338	
697	442	463	495	640	971	992	
1055	1285	469	633	1014	1016	521	
647	1326	646	826	1335	1134	1276	
1344	1299	1295	713	1343	1254	1115	
1316	1274	1179	939	769	1284	1190	
29	568	1277	885	977	884	
651	62	1011	1318	1001	1330	
886	874	1131	887	852	81	
488	132	285	688	83	307	
147	1220	1110	1221	1100	574	
461	1233	841	861	1141	236	
1319	749	299	300	537	601	
1240	535	902	422	351	993	
459	654	362	439	438	562	
411	731	614	1287	364	1235	
937	984	983	371	1104	1342	
406	617	1205	1272	618	407	
1255	450	1116	1086	1156	1000	
779	489	1041	457	780	1118	
806	1158	1336	868	1263	805	
1082	864	1065	880	879	808	
1248	1137	1138	812	926	1106	
14	913	743	1004	396	
715	21	1183	1143	901	
1282	960	465	1132	28	
1231	1211	68	835	82	
430	172	69	248	1194	
89	1311	1140	222	90	
703	1170	1060	103	104	
986	1139	1111	113	366	
891	1238	1239	130	606	
1064	1088	764	135	976	
429	1073	158	863	851	
793	164	761	762	758	
292	1207	404	464	1181	
543	318	544	540	602	
1333	775	844	398	466	
712	470	925	821	1030	
706	676	541	705	1031	
678	777	776	677	828	
792	1152	1013	854	741	
1098	1125	1102	788	1162	
862	1087	987	8	
596	565	15	1242	
1280	1017	1099	38	
876	877	1259	61	
115	1007	584	458	
145	914	144	282	
1216	181	683	849	
857	1122	1349	206	
320	698	1129	221	
1209	231	232	507	
897	237	539	933	
1219	1312	1218	254	
310	882	325	311	
898	344	1097	343	
387	1057	1169	600	
1278	919	405	1062	
1227	1320	449	1226	
455	456	670	1214	
942	557	1247	473	
1202	807	629	1085	
768	918	917	1304	
1076	954	1077	784	
1195	941	1300	1289	
1225	39	1224	
1314	1092	50	
143	142	1337	
151	377	150	
1176	927	159	
162	719	720	
178	1237	1080	
935	211	870	
266	990	896	
1039	447	436	
493	847	1192	
799	510	509	
737	636	638	
907	1246	906	
1267	1268	1253	
1266	1309	1334	
89	277	353	388	627	327	1147	32	306	374	608	42	220	360	36	22	421	245	381	53	626	23	269	526	234	86	309	403	475	1	736	43	366	55	322	63	573	208	305	235	296	724	502	503	212	94	355	257	599	899	278	59	304	588	37	93	361	174	770	1172	64	303	12	339	467	341	189	
406	1271	970	31	34	149	1071	422	1066	516	631	178	758	1106	1154	1187	601	998	793	1198	1070	1266	40	875	44	1334	515	955	501	867	238	1213	438	325	1024	340	148	943	1162	1247	948	997	787	1205	392	781	15	350	817	1332	1309	877	1125	535	414	1102	1273	362	743	1348	1260	
429	56	368	108	172	996	841	765	158	670	595	126	1177	10	951	784	851	539	1308	1223	131	57	288	933	294	38	461	580	1073	1052	173	1233	648	1307	742	1206	352	827	
111	66	649	13	79	224	354	1029	308	430	349	594	195	82	995	285	255	619	688	83	909	669	936	845	953	219	218	250	676	259	375	468	320	87	347	307	
145	445	426	1094	1142	980	1168	1046	1034	987	237	566	798	915	1194	668	363	317	1270	318	272	1031	230	437	248	1310	106	
29	636	699	139	326	591	1314	295	1116	937	984	370	534	380	638	671	1004	1282	444	186	764	737	825	1104	1342	
373	1324	689	193	895	900	424	1188	858	314	177	1131	887	35	519	585	852	80	894	886	686	1074	663	6	
470	160	1096	672	1049	528	434	923	958	268	527	323	402	1069	239	161	1320	653	785	141	1030	782	409	897	
969	600	656	1135	191	624	542	803	721	1234	1108	1306	715	48	103	723	1060	1290	1124	460	264	1302	673	
209	756	813	211	345	561	1085	441	783	491	558	934	476	435	1281	753	991	252	1036	101	1051	246	560	
474	704	579	1256	932	7	397	418	728	389	417	945	556	1136	773	162	1186	707	530	390	1328	820	
68	682	146	376	972	1220	584	283	190	1145	216	287	229	69	377	1054	1103	440	786	607	908	253	
512	1061	334	1275	967	419	449	1313	809	110	1068	393	974	233	1208	260	592	188	1339	771	348	176	
549	609	1178	0	893	338	367	275	104	583	978	557	548	498	582	1159	383	604	1039	258	356	
1217	1193	1210	496	752	1113	979	892	815	622	45	286	446	120	378	1160	1173	746	1062	763	891	
310	459	744	215	795	658	243	562	311	654	1007	17	439	1028	1277	552	494	655	98	884	
806	62	1330	1336	1011	647	1100	1209	1326	96	646	868	1001	1263	805	1335	1134	1112	1246	61	
118	796	207	485	436	889	946	947	222	500	11	395	694	448	1079	447	797	206	
382	750	883	385	749	1346	369	799	864	1088	1259	115	1089	384	650	3	843	
119	488	132	625	489	779	16	457	1041	780	1033	75	861	415	1315	1035	1118	
428	88	20	634	804	70	615	589	1305	194	1093	1325	680	135	890	581	570	
862	452	1171	1316	1341	1340	881	1153	479	873	74	123	860	1002	976	480	727	
411	1048	39	405	700	1072	1199	192	1006	961	1347	51	228	227	223	477	
324	1045	391	167	520	800	423	499	726	1044	835	652	400	140	957	166	
5	180	302	301	598	693	577	26	985	133	1175	802	33	30	687	
289	1240	1280	1022	8	1227	364	399	1064	1149	874	1017	420	513	919	
611	14	1130	336	1329	913	709	759	184	1236	565	183	1204	396	337	
102	202	635	262	1087	1129	492	247	464	284	319	217	632	81	221	
544	242	508	522	854	157	1012	156	41	1021	904	1211	1214	982	
711	1158	712	681	857	249	1189	644	1026	812	732	811	848	1182	
1231	778	179	590	134	427	931	572	19	122	505	46	735	
523	407	425	152	665	794	358	47	462	471	757	359	394	
112	124	155	204	1114	379	321	866	256	65	1146	263	54	
1333	775	455	1040	1137	844	490	456	116	398	741	466	105	
965	181	185	666	524	182	755	1229	1351	127	822	683	849	
710	623	616	1241	486	1107	564	478	128	692	137	170	171	
121	27	1058	637	1140	1323	1322	372	1121	1318	1005	168	
986	1080	1221	1287	458	1132	836	276	113	983	760	114	
413	1027	842	1086	495	1167	1225	992	1243	810	1224	261	
357	696	975	333	1176	855	332	1000	605	551	331	290	
1128	938	469	1163	1014	313	690	789	521	312	1016	511	
2	1166	761	451	21	762	1143	1183	901	49	1276	
454	850	639	1291	4	410	1195	453	944	97	244	
408	1098	714	719	1295	1156	713	905	18	788	546	
1059	1157	1152	1013	568	740	956	76	567	885	1078	
942	473	506	1321	702	84	412	201	1075	531	85	
147	1082	1110	1311	298	808	1065	880	1083	879	90	
578	1184	555	628	150	720	994	138	870	1020	507	
1222	159	1248	1111	576	1138	993	966	926	342	772	
718	1019	163	840	316	960	1304	734	1235	839	1155	
1077	902	645	952	988	1076	935	351	954	977	1091	
917	918	1274	547	768	1284	1179	939	769	472	1190	
620	730	1015	831	950	717	716	1228	621	1057	832	
67	545	251	164	698	1349	371	1122	1141	236	
614	78	662	1207	1293	1101	661	493	989	77	
197	1042	1267	554	1253	927	1170	1331	1268	196	
1262	853	1081	433	859	1292	525	602	603	1317	
483	1084	924	830	829	482	928	642	1144	641	
903	1008	684	856	136	24	1298	1215	657	
949	1067	226	1023	754	52	981	169	550	
270	959	335	297	973	99	199	198	533	
863	878	940	442	279	630	165	816	814	
450	431	401	1043	432	921	964	1196	674	
1151	1257	834	833	538	738	1150	774	675	
731	1053	543	586	587	1200	1123	916	1212	
213	91	610	214	729	328	685	25	
100	281	747	941	1289	60	271	1300	
1245	792	922	1244	1032	346	1261	291	
643	1180	790	837	838	1283	315	1095	
1242	659	597	1161	571	701	365	596	
465	71	497	748	28	72	532	
1050	210	569	282	1063	144	914	
1258	1003	386	153	154	225	1056	
1097	776	846	847	888	1192	280	
292	1133	575	767	443	574	1345	
293	697	463	691	640	971	1117	
416	343	925	481	823	344	751	
1299	510	509	1254	1343	1115	739	
882	1285	706	1226	540	541	705	
807	898	1038	869	629	1202	801	
1252	50	1216	1092	660	1354	
58	329	745	1249	484	865	
1055	651	404	1232	73	1350	
559	722	117	1099	92	553	
107	203	1278	733	187	1279	
1238	254	129	1239	130	1105	
518	920	1018	330	175	517	
1338	205	1201	1327	912	504	
1169	1319	387	536	299	537	
1255	151	563	95	606	
1344	143	142	1264	1337	
1286	896	266	1203	990	
1269	963	300	962	1047	
664	529	999	930	695	
824	708	1119	1120	725	
487	876	109	826	
514	200	1139	819	
633	679	231	232	
678	777	677	828	
1219	1312	1218	1181	
9	125	766	
818	910	265	
1294	618	617	
1237	667	703	
1164	1288	1165	
