1058	151	1097	600	516	630	1113	42	1106	381	955	384	816	88	1184	573	503	1332	711	1273	1348	663	1193	776	1264	376	466	882	40	875	740	846	526	11	888	826	739	749	775	717	1063	398	504	686	1111	1089	632	1260	1128	627	29	412	885	220	1056	22	421	483	1129	369	1338	387	694	1109	210	292	1333	1032	208	1026	957	1081	1102	607	956	6	741	280	1158	1157	34	149	555	586	201	1265	513	1171	81	36	1240	1258	222	76	169	148	1059	878	921	585	120	464	15	1343	401	1090	157	613	847	
634	56	969	31	108	496	172	719	334	656	932	1135	256	624	542	158	409	680	912	30	1187	528	394	105	1306	281	434	126	301	391	1177	418	268	527	1305	966	300	238	1175	1331	48	801	1247	295	943	539	978	697	446	1310	495	1205	1223	707	400	57	288	1060	953	219	933	236	294	428	718	425	1079	1164	1124	460	1290	141	487	571	1021	673	1234	1302	248	352	135	46	356	
445	970	1147	160	579	1256	608	1049	1200	1277	552	1034	655	1141	920	665	666	44	358	515	10	243	954	1123	1024	683	784	310	543	161	997	889	654	726	131	802	804	100	884	894	461	215	899	1053	800	1042	37	471	490	790	514	916	1091	618	
203	1217	20	1271	357	733	756	211	589	441	783	981	979	622	492	1242	435	754	365	275	753	596	550	102	124	766	319	217	502	262	592	440	320	560	
549	609	0	72	602	367	987	54	237	566	342	1122	1194	325	322	318	293	869	1189	272	1349	378	202	249	93	478	764	303	
426	224	68	682	146	670	354	815	1022	491	481	995	971	1133	1145	669	313	216	787	287	229	1214	1238	250	598	786	640	
512	39	1087	1142	1188	109	915	715	420	51	1347	223	809	261	393	838	1283	233	1208	260	597	837	1002	348	315	
1077	617	767	996	1076	1345	50	1110	575	757	1294	574	49	903	1137	404	351	1215	1047	843	651	902	273	
111	561	397	1029	408	595	430	584	1131	82	1272	991	556	285	688	83	593	75	1317	569	530	347	1281	
107	474	752	629	860	628	284	385	712	594	967	389	531	228	603	110	653	187	114	525	375	113	1328	
1221	336	16	1204	1287	794	831	568	709	326	759	836	138	494	411	918	986	396	337	1329	720	493	
862	911	1197	1316	791	1284	465	1033	479	873	1132	71	534	1153	28	415	1315	359	612	727	
1262	853	535	59	270	958	1301	335	298	1148	297	536	973	1292	803	198	341	360	212	533	
891	611	1125	1286	254	1162	1012	645	591	830	771	125	829	1105	1001	1023	130	1239	606	
5	302	1080	975	259	383	577	26	590	1038	192	497	859	1030	820	331	290	
523	407	459	152	1312	1304	314	1044	18	1219	652	439	867	101	98	189	221	
373	78	143	1130	662	1252	854	1092	142	1101	184	659	661	989	183	77	1337	
132	1324	329	73	545	74	123	983	7	484	900	58	667	1104	1237	1342	
623	469	264	470	621	194	191	17	402	972	193	827	377	176	511	136	
1344	1299	1282	960	232	714	32	1295	713	905	1062	501	1254	1115	679	546	
1055	1185	1191	1010	1067	423	164	311	1009	1296	521	1028	848	758	1297	139	
779	704	1008	544	242	929	240	1314	835	856	671	24	1232	517	1350	
119	1019	635	1084	457	1043	700	924	734	482	928	642	1144	641	291	
810	413	1027	842	444	186	53	698	1224	241	371	699	1212	892	
89	1270	1071	881	812	350	218	94	245	278	588	604	475	90	
324	1266	1309	1334	1088	1085	743	1211	115	1203	650	116	1046	1202	
850	599	917	388	1291	547	1073	410	156	1179	863	244	366	851	
883	1070	1151	1257	1321	864	346	1167	825	1327	1154	962	1150	998	
2	578	761	129	935	21	451	870	762	1143	1183	901	1276	
382	405	467	91	610	1014	214	729	1016	328	3	25	1078	
518	1280	1018	286	62	1330	1011	874	990	646	1017	1335	919	
159	886	959	519	702	1074	1096	1138	374	99	926	887	199	
678	1169	777	386	510	1003	799	154	509	225	677	226	828	
620	731	730	1015	949	950	390	716	1228	774	1057	832	695	
541	904	723	570	197	706	251	41	982	168	103	104	
1048	1054	636	941	1199	150	789	1006	638	52	227	1118	
147	559	744	1082	1065	880	1083	879	271	85	92	1099	
710	167	473	1241	323	305	992	724	1000	581	951	118	
1045	1198	1231	619	134	427	343	907	133	742	735	906	
639	778	70	455	4	1040	1064	45	925	823	976	
252	13	871	63	898	127	1037	872	438	344	144	
614	1098	27	163	840	316	1161	60	332	417	839	
647	896	1326	1336	1263	805	806	868	1134	1246	61	
317	406	703	746	1041	844	64	631	1325	961	1112	
793	181	1218	1207	182	1163	282	1225	822	1181	725	
209	681	857	558	644	247	1036	811	1182	813	246	
937	414	1293	361	422	266	576	587	849	772	355	
1025	1050	14	968	267	913	1230	1303	565	1004	
1216	35	333	177	985	660	178	472	1354	852	
145	834	522	833	1052	988	738	106	675	38	
353	1222	637	1140	1248	1311	1322	1323	1121	86	
121	117	372	572	931	964	1318	253	1005	283	
616	486	1107	564	1108	128	692	137	171	477	
1035	780	442	174	269	234	165	1075	443	814	
1165	257	1269	185	1298	338	1279	548	258	963	
239	649	437	1068	855	188	788	748	674	1069	
207	633	499	984	947	690	395	447	797	206	
255	1351	524	696	1013	1152	1236	468	500	1243	
625	1178	508	306	433	770	296	1	890	
112	204	1103	615	1114	96	563	1146	263	
750	1319	1346	153	299	537	307	1051	601	
722	431	1173	432	1166	1210	458	773	705	
1255	450	1116	1086	1226	1227	1320	1156	449	
190	747	424	506	179	562	19	553	
942	1195	1289	23	781	817	309	1300	
452	213	945	1186	403	605	480	55	
429	155	693	392	737	1093	485	97	
708	436	538	162	763	841	462	668	
416	231	1196	1100	701	339	1209	507	
664	999	952	567	977	785	930	529	
1308	866	1061	1307	557	765	685	1007	
289	795	1220	67	8	908	166	
498	454	9	279	453	448	944	
277	180	936	1072	845	993	43	
1094	327	980	349	798	47	1213	
923	379	934	732	65	505	657	
488	946	205	1039	689	140	895	
363	399	364	684	1172	974	170	
1160	489	321	330	175	819	914	
1136	643	1139	728	200	1206	721	
308	922	195	69	419	340	
580	583	1278	79	1066	235	
858	173	476	808	230	80	
877	876	1259	84	672	782	
554	1176	1233	927	1170	196	
807	792	362	456	1020	687	
948	1267	626	1253	1268	1117	
582	66	1159	1168	1192	
940	1149	463	994	691	
965	755	1229	648	551	
1274	768	939	769	1190	
796	824	1119	1120	1201	
304	821	12	736	
745	122	33	95	
1288	1155	1235	274	
893	276	760	751	
676	370	380	532	
910	265	818	
861	897	1031	
1127	1126	1174	
1245	1261	1244	
1339	1275	1313	
31	108	496	172	719	334	932	912	158	409	30	1187	528	394	434	126	301	418	268	527	1175	238	801	295	943	539	978	697	495	1205	1223	707	400	288	933	294	236	428	718	425	141	1021	248	352	135	46	356	
1128	1193	1058	29	34	149	586	412	516	1106	376	81	1240	40	875	526	169	148	88	292	878	1032	585	464	957	1332	401	1102	157	607	686	1273	1348	663	6	1260	
445	899	666	970	44	1147	37	515	490	790	514	608	954	1034	1141	1024	618	1091	784	
512	39	1208	1142	260	715	809	109	393	597	1347	915	420	348	233	223	261	
408	111	285	556	430	688	83	569	584	593	75	1131	82	347	397	1272	595	
202	237	1194	566	318	249	1189	478	764	378	342	72	325	602	987	54	
107	712	594	752	967	389	375	113	653	187	114	228	531	525	603	284	
1124	969	446	1310	656	1135	1302	1247	966	300	1234	48	953	219	1306	
815	426	1022	1133	1145	1238	669	1214	68	287	682	640	670	971	
1344	1299	714	32	1295	713	905	1062	501	1254	1115	546	
461	161	889	160	243	10	1049	131	802	552	683	
411	918	986	1221	16	831	1287	568	836	493	494	
22	421	504	627	381	573	208	42	503	220	36	
882	1171	483	151	921	613	120	630	1113	816	1109	
5	302	1080	590	577	26	497	859	1030	820	
523	459	152	1304	18	439	98	407	221	
886	959	702	519	1074	1096	99	887	199	
491	786	216	787	229	146	995	354	250	
1059	1157	1184	740	555	956	1343	741	739	
730	1015	949	950	716	1228	832	1057	695	
469	470	194	972	17	193	827	511	
91	610	328	214	729	467	25	1078	
442	174	269	234	165	1075	443	814	
793	181	182	1163	282	1225	822	725	
958	270	335	298	297	973	198	533	
1258	749	369	600	387	1265	1264	1056	
1084	924	734	482	928	642	1144	641	
711	1158	1090	1026	15	826	513	
35	333	177	985	178	472	852	
413	1027	842	53	241	810	1212	
286	62	1011	990	646	1335	1330	
1129	1111	1089	384	76	632	885	
119	1019	635	457	1043	700	291	
611	1286	645	591	125	1001	1023	
717	1097	776	846	847	888	280	
317	406	703	746	844	631	1112	
336	1329	709	759	1204	396	337	
1197	1033	1132	873	479	1153	727	
145	522	1052	988	106	38	
78	662	1101	661	77	989	
118	167	1000	581	951	992	
252	898	127	438	344	144	
891	254	1239	1105	130	606	
147	1082	1065	880	1083	879	
1169	1003	386	154	225	226	
207	499	947	395	797	206	
209	558	247	1036	813	246	
1311	1140	637	1322	1323	1121	
920	800	997	1042	726	804	
1185	1191	1010	1296	1009	1297	
322	0	93	272	303	
2	21	1183	1143	901	
639	778	70	4	45	
13	871	63	1037	872	
1050	14	913	565	1004	
50	1137	617	1294	49	
59	212	803	360	341	
474	110	629	1328	628	
1198	1231	134	133	735	
623	264	191	176	136	
1055	164	521	758	139	
850	1291	410	156	244	
371	444	186	698	699	
310	894	215	654	655	
239	649	855	748	1069	
1025	1090	968	267	1303	1230	
903	902	273	1215	1047	
549	293	609	869	367	
1067	423	311	1028	848	
1151	1257	346	825	1150	
1252	373	854	1092	659	
1333	1081	775	398	466	
651	757	404	996	843	
518	1280	1018	1017	919	
1053	543	1200	1123	916	
1110	575	767	574	1345	
681	857	644	811	1182	
1070	1321	1167	1154	998	
1048	1006	227	52	
1248	353	86	1222	
100	358	665	471	
314	652	101	1044	
1290	571	634	105	
115	1203	116	743	
129	935	870	578	
1138	374	926	159	
1165	1298	185	1279	
192	331	290	975	
548	257	338	258	
266	576	772	414	
323	305	724	473	
1283	837	838	315	
324	1088	650	1211	
1045	907	906	343	
849	361	937	355	
620	390	731	774	
762	451	761	1276	
455	1040	823	925	
487	624	542	460	
1148	536	535	1301	
991	561	1281	1029	
789	636	941	638	
738	675	833	834	
678	777	677	828	
1164	1331	1305	680	
835	779	856	704	
1162	1012	771	1125	
962	883	864	1327	
694	222	11	
517	1008	24	
71	465	28	
57	56	1177	
85	744	271	
559	92	1099	
143	142	1337	
1130	183	184	
188	1068	437	
210	1063	201	
1060	673	256	
259	383	1038	
281	1079	391	
1076	351	1077	
862	359	534	
599	388	366	
377	402	621	
1016	1014	405	
1293	587	422	
619	742	427	
510	509	799	
547	917	1179	
911	791	612	
1354	660	1216	
863	1073	851	
1262	853	1292	
1104	983	1342	
1002	1188	1087	
1202	1085	1046	
1207	1218	1181	
1266	1309	1334	
20	980	13	866	579	656	374	42	1106	54	308	381	594	23	86	475	1	1247	340	416	88	1270	63	573	321	235	812	296	95	503	953	250	899	770	468	87	339	467	189	388	242	0	32	256	608	803	1234	1029	245	349	578	508	798	53	728	526	96	55	255	619	681	775	272	305	724	379	504	361	174	952	341	155	627	79	1061	205	220	1306	22	421	1070	1248	645	626	195	234	65	403	563	736	322	208	415	502	890	219	112	257	599	204	259	588	37	1167	303	926	111	277	353	66	327	108	1071	1147	306	1325	360	1187	36	1114	269	309	48	43	1146	997	936	443	212	94	218	355	278	59	304	93	786	64	12	200	
429	56	1210	496	752	172	160	996	841	672	158	552	72	979	892	595	815	434	126	430	1177	268	10	501	748	238	1194	1300	801	605	951	851	991	239	1289	446	120	71	497	69	534	653	57	378	288	785	1243	236	294	1173	461	747	1008	746	1103	70	1073	1064	941	141	173	648	763	1195	1233	125	742	248	352	135	1020	
203	635	1087	333	561	783	146	860	981	987	1129	492	476	276	698	550	221	102	766	1067	229	319	217	230	735	262	1038	440	188	320	101	823	551	560	357	733	756	211	345	247	334	441	505	622	491	9	1227	558	435	870	754	365	753	449	252	431	975	399	216	1036	332	187	263	246	202	862	8	592	632	1281	
1094	807	649	1085	516	758	484	900	1266	667	424	1220	700	314	515	867	402	190	545	35	1202	1332	58	1124	142	607	745	1273	788	663	6	865	1252	1271	1193	34	74	629	328	7	546	408	40	67	875	584	177	1162	148	668	147	329	547	519	585	123	25	80	401	686	994	1260	73	315	
1319	386	473	368	412	765	201	1057	1056	1154	1264	601	998	1258	1321	369	153	84	387	300	85	1024	903	942	749	1169	1003	506	154	299	817	225	226	750	1346	702	536	537	827	
616	486	692	1135	191	691	624	542	721	170	1108	477	710	623	1107	1347	1112	223	1241	1068	564	128	171	1290	265	264	460	127	478	192	487	1302	1083	137	136	
512	634	1142	224	1275	1183	105	109	915	419	1143	420	715	901	261	809	110	393	21	974	233	819	1208	260	2	437	597	571	771	347	348	3	106	176	
5	454	693	577	26	932	133	33	30	97	244	152	301	243	45	279	1175	271	818	910	161	4	1320	1205	453	985	802	944	98	180	302	598	254	687	
289	426	452	704	744	658	1007	655	637	179	931	856	451	494	121	795	639	590	669	845	572	122	27	778	134	427	253	46	290	1276	
29	1199	1161	822	965	1019	50	666	1086	1176	659	964	1314	28	49	185	479	60	671	1054	182	444	186	465	1092	825	782	532	810	
969	31	47	1096	528	394	665	840	794	358	527	757	99	927	275	462	359	295	943	523	100	428	231	425	718	410	471	1021	409	
119	714	589	391	615	947	11	485	140	118	889	726	946	392	395	570	1079	804	167	207	800	1042	499	500	448	797	
1050	14	115	513	1204	611	913	709	326	759	1242	596	1069	183	15	1004	396	337	1130	184	743	1236	565	
1245	1244	767	631	630	1113	1345	793	164	575	761	816	574	292	1133	878	1012	165	580	414	814	762	863	
549	1269	609	1178	893	338	367	696	940	583	293	978	869	557	350	548	498	582	383	604	1039	258	356	
474	556	285	1136	688	336	1295	713	773	214	397	447	92	581	1299	1329	610	1040	91	1315	213	
1157	510	555	776	567	509	568	740	828	677	739	1078	678	1059	777	1152	1013	799	854	956	741	
620	963	730	1015	949	1047	831	950	717	1333	490	716	1228	116	621	466	480	832	
703	156	904	1031	472	196	1060	727	197	922	251	905	705	982	1002	103	104	
986	960	1282	1221	1139	1222	458	1111	836	1132	576	738	113	760	993	772	366	
1280	39	405	1207	1278	404	1062	1223	1225	1017	1181	1328	919	1224	1099	38	
181	1216	1229	524	1351	1166	41	660	961	774	1232	1350	1354	675	683	849	
1286	62	876	896	1100	1203	1318	1001	1330	877	651	1011	1259	266	990	61	
107	324	83	423	68	835	400	957	1045	1231	520	1044	375	652	82	166	
145	210	209	282	1063	1046	77	175	1105	914	281	569	1052	1075	1051	144	
1077	1080	422	1076	935	351	178	1240	535	902	1149	988	954	1237	1091	784	
124	1053	948	792	44	149	1032	346	75	464	790	1200	1123	1261	291	
1048	1117	1022	697	442	463	495	52	1023	51	228	640	227	971	992	
1116	937	636	984	591	370	764	737	983	638	371	1104	1342	699	139	
163	162	1093	1186	707	1291	850	708	418	389	538	390	417	945	820	
1145	857	1189	1349	1182	1198	643	249	644	514	732	811	848	1122	206	
411	614	864	1065	880	808	1212	916	731	1082	1287	364	879	962	1235	
1128	1055	469	522	1163	313	690	1016	554	633	1014	789	521	312	
310	459	654	1028	562	882	215	362	311	439	438	325	
530	664	999	1317	859	695	839	694	1035	283	930	529	
1158	647	1326	1336	1263	805	806	646	868	826	1335	1134	
684	1172	194	781	1298	729	24	1279	685	1215	657	
318	286	682	287	131	858	855	908	1206	1310	1249	
470	1072	821	1049	193	376	972	511	925	323	1030	
938	921	701	723	450	722	1043	432	1196	673	674	
924	829	1144	928	1084	483	830	734	482	642	641	
1165	1267	1288	1305	1164	1253	1331	680	1268	679	1155	
918	1316	768	939	769	917	1304	1274	1179	1284	1190	
625	488	779	489	457	16	1041	780	17	1118	
382	883	1088	846	1089	76	384	307	531	843	
373	317	445	755	316	117	372	1066	1034	1005	
958	270	959	335	298	297	973	199	198	533	
1344	1098	1125	706	676	1102	1121	1170	995	354	
232	1340	1153	873	1341	1213	976	1209	507	
711	413	712	1027	842	720	1348	1026	628	
1262	853	1081	433	1033	1292	525	602	603	
1217	1293	586	1074	587	1256	837	838	1283	
1255	455	151	670	150	1214	456	377	
911	1197	791	613	157	593	1109	612	
796	824	1119	1120	650	1201	912	725	
78	662	970	1101	661	493	989	
886	874	1131	887	852	81	284	
518	920	1018	1184	330	517	331	
406	617	861	1141	1272	618	407	
559	566	787	18	19	553	
89	1110	1311	1140	222	90	
606	130	129	1239	891	1238	
923	967	881	934	138	1171	
385	929	240	273	241	274	
898	1097	847	888	1192	280	
1301	871	872	1148	1037	1265	
132	1058	1294	169	168	
159	719	1156	600	1000	
894	436	1006	689	895	
1151	1257	834	833	1150	
237	539	897	933	
363	380	966	342	
343	481	344	751	
1137	844	1138	398	
1285	1226	540	541	
1277	885	977	884	
114	813	909	
543	544	1211	
907	1246	906	
1327	1338	955	
1343	1254	1115	
1160	1168	1159	
1219	1312	1218	
429	56	1210	172	996	841	158	595	434	126	430	1177	268	10	1194	951	851	69	57	288	1243	294	236	461	1008	1103	1073	1064	941	173	1233	648	125	742	248	352	135	1020	
112	155	204	578	997	379	1114	79	728	952	866	579	563	96	200	205	65	95	1146	54	
991	239	70	801	496	160	141	71	497	501	534	653	672	238	552	72	748	785	605	979	
100	523	425	665	794	358	47	462	471	757	1021	99	927	275	359	295	394	943	
965	1019	1054	185	666	182	444	186	1199	479	659	964	1161	60	822	782	49	
1050	611	14	913	326	759	743	1242	115	1236	565	15	1004	513	596	396	
1258	903	1169	386	1003	369	153	1057	387	154	225	1056	226	
1059	1157	1152	1013	568	854	740	555	956	567	741	739	1078	
1280	39	405	1278	404	1062	1225	1017	919	1224	1099	38	
181	1229	1351	524	1166	41	961	774	1232	1350	675	849	
124	948	792	44	149	1032	346	75	464	790	1261	291	
942	473	506	368	702	84	412	765	201	817	85	1024	
718	428	231	840	969	31	410	527	1096	409	528	
863	580	414	878	1012	164	631	630	165	816	814	
730	1015	949	1047	831	950	116	1228	963	480	
815	747	1173	746	752	446	120	763	378	892	
750	1319	749	1346	536	299	300	537	1264	601	
1048	1022	442	52	1023	51	228	227	992	
530	664	999	695	694	1035	283	930	529	
1165	1288	1305	1164	1331	680	679	1155	
50	29	1092	465	1176	28	532	
1130	709	184	183	1204	1069	337	
292	1133	575	767	1113	574	1345	
1116	937	764	370	699	139	
697	463	495	640	971	1117	
1222	1139	458	113	760	
676	1121	1170	995	354	
984	983	371	1104	1342	
1111	576	738	993	772	
620	717	621	716	832	
678	777	776	677	828	
786	20	619	1325	
75	1195	1300	1289	
986	1221	366	836	
737	636	638	591	
1354	660	1216	683	
827	1154	1321	998	
1223	1207	1328	1181	
490	466	1333	
1314	825	671	
1299	1295	713	
793	762	761	
1317	859	839	
1282	960	1132	
1053	1200	1123	
1102	1098	1125	
1267	1268	1253	
