488	807	1058	457	649	151	1097	150	874	767	516	630	1113	758	424	834	700	314	515	934	84	1131	384	867	402	531	816	1192	382	942	285	948	1013	881	1137	593	1283	1332	1151	580	1041	142	1273	663	814	883	1193	1245	792	16	1180	873	617	629	567	7	466	612	546	408	143	40	875	524	1166	584	740	164	575	1294	177	846	888	961	1261	1162	1337	668	739	1078	911	132	329	83	775	854	519	123	838	398	1125	489	886	833	686	1111	1089	1260	73	618	315	1094	1085	412	576	456	484	1150	1345	900	667	923	1229	791	967	346	1315	832	168	675	1024	1109	190	292	1133	688	1333	545	1152	35	1012	1032	1214	1205	738	1202	843	1350	58	414	1124	1102	1092	745	607	956	375	790	837	307	6	741	280	772	407	865	779	1252	406	1157	1271	34	586	555	1244	844	74	631	1232	328	1171	670	291	81	1118	1257	67	568	1149	780	41	76	138	774	169	887	574	85	1272	148	657	1059	1197	1351	878	547	1088	585	464	165	377	25	80	1095	401	455	157	613	994	847	
429	1048	1210	636	719	160	47	442	463	1096	52	1023	1141	528	892	979	434	840	430	794	358	527	389	99	945	359	462	801	1268	156	904	69	638	653	933	428	850	747	1173	676	251	471	390	737	1253	409	605	135	640	1020	938	163	969	496	172	996	841	672	196	1291	394	126	1226	268	501	417	748	927	275	51	228	982	104	851	523	159	697	541	446	162	71	497	534	57	378	288	227	1243	718	425	746	70	1073	941	173	1195	1233	1021	352	56	1267	595	992	237	665	706	1022	1176	757	538	1300	1194	295	971	991	539	1289	495	1186	707	131	861	1031	785	976	1060	100	1285	197	1103	1043	432	410	1064	720	742	820	31	752	701	1170	158	552	72	472	815	708	1177	418	10	238	103	674	943	951	239	703	540	921	773	120	1093	1223	723	1000	727	236	294	1117	722	461	1008	922	648	763	905	1196	125	17	673	248	705	897	1206	863	
980	13	866	579	656	374	42	1106	54	308	381	594	23	86	475	1	1247	340	416	88	1270	63	573	321	235	812	296	95	503	953	751	250	899	770	468	87	339	467	189	388	242	0	32	1168	256	608	803	1234	1029	245	349	44	508	578	798	53	728	526	96	55	255	619	681	272	75	305	724	379	504	361	174	952	341	155	627	473	79	1061	1138	205	220	1306	22	421	625	1070	1248	626	195	234	65	403	563	736	322	208	415	502	890	219	112	257	599	204	259	588	37	1167	303	926	1310	111	277	353	66	327	108	1071	149	306	1147	1325	360	1187	36	1114	269	309	1213	48	43	1146	997	936	443	212	94	218	355	1160	278	59	304	1159	93	786	64	490	12	200	
474	454	426	452	693	714	423	1072	133	1007	655	397	97	628	637	1323	610	45	856	1175	271	485	140	556	910	639	4	946	214	392	802	1238	581	498	598	302	1042	499	141	1044	1348	1030	213	606	797	687	107	289	413	470	577	30	376	244	511	1212	152	179	1322	1040	323	11	130	118	795	161	669	889	726	845	821	985	122	395	570	944	447	98	1045	520	800	91	427	652	891	46	290	5	119	336	658	1211	932	193	33	92	284	243	947	194	82	572	129	453	835	400	957	804	1231	27	167	207	778	134	925	448	1328	324	704	744	26	589	68	1049	972	391	301	615	931	279	451	494	818	121	590	1239	1079	180	254	1329	253	500	166	
203	635	20	1324	1087	333	561	783	146	860	981	987	1188	1129	492	476	276	698	550	221	102	766	1067	229	319	217	230	735	262	1038	440	1121	188	320	101	823	551	560	357	733	756	211	345	247	334	441	505	354	622	491	9	558	435	870	754	365	753	995	124	252	431	909	399	975	216	935	332	1036	187	114	263	852	246	202	862	8	592	632	1002	813	1281	
559	1319	386	270	368	510	335	872	684	929	776	600	18	19	765	973	24	509	685	1057	1056	199	1154	1264	1265	601	998	1258	385	566	958	1321	369	153	240	387	300	677	274	533	828	678	903	749	777	1169	1003	506	1308	799	298	871	787	781	154	299	817	1037	1279	225	1215	226	198	750	535	1301	959	1346	1148	702	1307	273	241	297	536	729	1172	1298	537	827	553	
373	89	445	1217	316	29	1010	1140	1311	1199	1161	1066	1296	1256	822	983	371	1034	699	139	849	793	965	1019	755	666	1110	372	659	761	222	964	660	1132	1314	28	90	49	1297	1354	683	317	181	185	937	1191	1216	117	984	370	479	587	60	671	1342	1054	1185	1282	960	182	1293	444	186	465	764	1074	1009	825	782	762	1104	1005	532	810	
512	634	616	1142	486	224	692	1135	191	691	624	542	1183	721	170	1275	1108	105	477	710	623	1107	109	915	419	1143	420	715	901	1347	1112	223	261	809	1313	1241	110	1068	564	128	393	21	974	171	233	819	1290	1208	265	260	2	264	437	460	127	478	597	192	487	571	771	1302	137	347	1339	348	3	106	176	136	
1128	1055	39	469	1278	522	1288	690	1164	330	1016	680	1254	517	919	1299	50	920	1207	633	855	1305	789	521	1331	1155	1209	518	1280	1344	1218	232	1163	1184	313	404	713	1219	1343	679	38	1165	231	1312	1018	405	554	1224	1014	1062	1181	1099	1225	1017	1115	331	312	507	
145	1025	14	209	1050	898	1153	115	201	77	175	513	1046	344	1105	1204	281	611	968	1340	913	709	326	591	759	1242	481	596	1069	210	267	1230	282	1063	15	183	1004	1341	396	337	914	1130	1090	569	1303	1052	184	343	743	1236	565	1075	1051	144	
1221	970	1222	1101	1065	880	1200	78	1220	1287	364	836	1123	366	147	411	614	986	1136	543	544	1139	864	808	731	1053	662	1082	458	661	493	113	1083	760	879	989	916	1235	
1028	1198	882	712	1027	311	966	342	1122	438	325	206	310	363	459	1145	857	1189	654	1349	1026	380	1182	562	711	643	215	842	249	644	362	439	514	732	811	848	
549	436	609	1178	682	893	338	689	367	895	858	696	940	1006	1249	583	318	286	293	978	869	287	557	350	548	894	582	383	908	604	1039	258	356	
1158	62	647	1100	1336	907	805	906	806	1011	990	646	826	1134	1246	61	1286	876	896	1203	1318	1326	1001	1263	1330	877	651	1259	266	868	1335	1276	
1077	1295	422	1076	993	1277	885	178	1240	1338	645	955	988	954	977	1237	784	1080	351	1327	884	1098	902	788	1091	
620	1266	963	730	1015	949	1047	831	950	717	1309	1334	716	1228	116	621	1269	962	480	
530	664	999	1317	859	695	839	694	1035	283	930	529	
924	829	1144	928	1084	483	830	734	482	642	641	
917	918	1316	1304	1274	768	1179	939	769	1284	1190	
1262	853	1081	433	1033	1292	525	602	603	
1255	450	1116	1086	1227	1320	1156	449	
796	824	1119	1120	650	1201	912	725	
1127	1126	1174	
807	1058	649	516	758	424	700	314	515	84	867	402	942	948	1137	1332	142	1273	663	1193	792	629	7	466	546	408	40	875	584	1294	177	1162	668	132	329	775	519	123	398	1125	686	1111	1260	73	315	1094	1085	412	484	900	667	346	832	168	1024	190	1333	545	35	1032	1202	58	1124	1102	745	607	6	865	1252	1271	34	844	74	328	291	81	67	1149	76	169	85	148	547	585	464	25	80	401	994	
429	56	969	31	636	1210	172	996	841	158	897	1141	595	237	434	126	430	1177	268	10	1300	1194	951	851	539	1289	120	1223	69	131	638	861	57	288	976	1243	933	294	236	428	461	1008	1103	70	1073	1064	941	173	1195	648	1233	737	125	742	1206	248	352	135	863	1020	
107	289	324	413	426	452	704	744	658	423	1211	68	1007	655	1212	284	628	637	179	931	194	856	451	82	494	140	121	795	639	590	669	845	572	835	400	122	957	1045	1231	27	520	778	134	141	427	1044	1348	652	253	46	290	166	
512	634	1142	224	1275	1183	105	109	915	419	1143	420	715	901	261	809	110	393	21	974	233	819	1290	1208	260	2	437	597	571	771	347	348	3	106	176	
5	454	693	577	26	932	133	33	30	97	244	152	301	243	45	279	1175	271	818	910	161	4	453	985	802	944	98	498	180	302	598	254	687	
616	486	692	1135	191	691	624	542	721	170	1108	477	710	623	1107	1347	1112	223	1241	1068	564	128	171	265	264	460	127	478	192	487	1302	137	136	
119	714	589	391	615	947	11	485	118	889	726	946	392	395	570	1079	447	804	207	167	800	1042	499	500	448	797	
549	609	1178	893	338	367	696	940	583	318	293	978	869	557	350	548	582	383	604	1039	258	356	
991	239	801	496	160	446	71	497	501	534	653	672	238	552	72	748	785	605	979	892	
703	197	676	706	922	1031	251	541	156	905	904	705	1170	982	472	196	1060	103	727	104	
145	210	209	281	569	1046	898	282	591	1052	77	1063	201	1075	175	1105	1051	144	914	
100	523	425	665	794	358	47	462	471	757	1021	99	927	275	359	295	394	943	
965	1054	181	185	666	182	186	1199	479	964	1161	60	822	782	683	849	
877	651	1286	62	876	1011	1259	896	266	1100	990	1203	1318	1001	1330	61	
1198	643	1145	848	857	249	1189	644	1349	514	732	811	342	1122	1182	206	
1128	1055	469	522	554	633	313	855	690	1014	789	1163	521	1016	312	
1050	14	913	326	1242	743	115	1236	565	15	1004	513	596	396	
810	1019	937	29	444	465	370	659	764	671	28	532	699	139	
1258	903	1169	386	1003	369	153	1057	600	387	154	225	1056	226	
708	163	418	389	162	390	538	417	707	763	1093	1186	945	820	
474	556	336	1329	91	610	1040	214	581	213	1328	397	92	
147	411	731	614	1082	364	864	1065	880	1083	879	808	1235	
1059	1157	1152	1013	568	854	740	555	956	567	741	739	1078	
806	1158	647	1326	1336	646	868	826	1263	805	1335	1134	1276	
310	882	459	215	654	362	311	439	1028	438	325	562	
580	414	878	1012	164	576	631	630	165	816	814	
470	1072	925	821	323	972	1030	1049	193	376	511	
1240	1077	902	422	988	1076	351	993	954	1091	784	
1280	50	405	1278	404	1062	1017	919	1099	38	
1229	1351	524	1166	41	961	774	1232	675	1350	
373	317	445	755	316	117	372	1066	1034	1005	
911	1197	791	1092	613	157	593	873	1109	612	
958	270	959	335	298	297	973	199	198	533	
938	722	1043	432	921	1196	701	673	723	674	
1048	1022	442	52	1023	51	228	227	992	
611	1130	709	759	184	183	1204	1069	337	
530	664	999	695	694	1035	283	930	529	
750	1319	749	1346	299	300	537	1264	601	
488	779	489	457	16	1041	780	1118	
684	1172	1298	729	24	1279	685	1215	
78	1136	662	970	1101	661	493	989	
730	1015	949	831	950	116	1228	480	
1308	506	368	702	1307	781	765	817	
1265	535	1301	871	1148	536	1037	872	
1165	1288	1305	1164	1331	680	679	1155	
1316	1274	768	1179	939	769	1284	1190	
923	881	934	967	138	1171	657	
292	1133	575	767	1113	574	1345	
518	920	1018	1184	330	517	331	
815	747	1173	746	752	773	378	
382	883	1088	1089	384	531	843	
1151	1257	834	833	738	1150	772	
559	566	787	18	19	553	
285	688	83	375	1315	307	
89	1110	1311	1140	222	90	
606	130	129	1239	891	1238	
1098	1080	1295	788	178	1237	
385	929	240	273	241	274	
1025	1090	968	267	1230	1303	
1097	846	847	888	1192	280	
858	286	908	682	287	1249	
406	617	1205	1272	618	407	
718	840	527	1096	409	528	
697	463	495	640	971	1117	
1053	543	544	1200	1123	916	
1344	1299	713	1343	1254	1115	
1185	1191	1010	1296	1009	1297	
1222	1139	458	113	760	
984	983	371	1104	1342	
1081	433	525	602	603	
894	436	1006	689	895	
1255	450	1116	1086	1156	
1217	1293	1074	587	1256	
645	1277	885	977	884	
678	777	776	677	828	
711	712	1027	842	1026	
850	410	17	1291	
793	762	49	761	
1209	231	232	507	
455	456	670	1214	
1283	586	838	837	
620	717	716	621	
827	1154	1321	998	
1262	853	1033	1292	
887	1131	886	874	
1269	963	962	1047	
1225	39	1224	
114	813	909	
151	377	150	
1176	1000	159	
344	481	343	
363	380	966	
986	366	836	
1320	449	1227	
799	510	509	
540	1285	1226	
1354	660	1216	
1180	790	1095	
1317	859	839	
907	1246	906	
917	918	1304	
1338	1327	955	
1282	960	1132	
1002	1324	1188	
1340	1153	1341	
1219	1312	1218	
1220	1221	1287	
1261	1244	1245	
1267	1268	1253	
1266	1309	1334	
