298	973	959	270	198	335	958	297	533	199	
825	671	1314	863	851	1073	
26	985	30	302	133	
131	1233	461	841	951	1020	173	1103	125	941	
629	1202	898	1085	807	
683	659	660	
632	345	333	
659	1354	660	
950	1228	116	730	831	480	949	1015	
226	749	600	
363	342	380	966	342	380	
628	107	423	413	
911	593	612	613	791	157	1109	
103	104	703	904	
1095	790	1180	483	830	1144	1084	734	641	928	642	829	924	
25	329	7	484	865	67	58	545	900	667	74	546	73	745	
167	520	324	166	652	726	1044	391	400	140	68	499	800	119	1042	570	589	392	804	167	726	391	140	118	11	499	889	167	726	391	140	500	448	118	797	947	1079	714	11	946	207	499	395	
450	1156	1255	
436	689	1039	1006	894	895	141	957	1045	485	447	152	1072	323	1049	376	511	925	193	1030	470	821	152	161	4	453	243	98	141	498	454	932	279	97	244	944	254	194	1231	908	1249	318	910	818	
539	933	897	237	
1040	670	455	456	151	150	377	402	923	972	376	511	925	193	1030	470	
1002	1188	1324	
289	290	704	
1075	1052	210	1063	201	1051	
48	648	56	57	1177	996	
1069	183	1130	184	1122	1349	28	465	712	1230	1025	1090	1303	267	968	419	347	1270	571	512	224	110	3	1339	105	233	634	915	1275	393	420	809	819	715	260	437	771	1347	1208	348	109	1313	1068	2	974	597	1183	1302	1083	1290	1142	261	176	21	1139	1143	106	901	926	1248	1137	1127	1174	1126	775	1137	466	398	844	1333	490	336	396	611	759	337	1236	15	913	1004	596	14	565	127	264	477	1108	1135	623	223	487	692	137	265	136	170	721	1107	460	171	192	1345	486	710	616	478	128	191	564	624	542	691	1112	1138	1241	
509	510	555	799	1059	1078	567	741	854	1157	740	568	739	509	510	956	555	799	1059	1078	567	741	854	1157	740	568	
483	830	1144	1084	734	641	928	482	829	
963	962	1269	1047	
921	701	674	1043	722	159	1000	1285	540	1226	1060	1170	1233	676	1196	701	674	1043	722	432	701	674	1043	722	723	673	938	701	674	1043	722	236	861	1141	
1179	939	1190	1284	1274	1316	769	1304	918	768	917	
1209	507	231	232	
1129	698	221	
792	1244	1261	1245	
65	155	124	379	
230	935	862	146	491	492	203	592	735	187	560	216	440	1038	211	870	441	399	622	229	753	
836	986	366	
101	252	561	635	756	247	246	558	
1069	1204	709	
541	705	1031	706	
609	338	582	350	549	258	940	604	548	367	583	293	1178	978	869	82	835	557	751	383	356	893	
793	164	762	761	
934	967	138	
1308	1307	765	781	
716	717	620	
168	169	1294	1058	
501	496	238	653	801	672	785	160	534	552	239	141	
744	494	658	655	669	46	778	931	795	452	27	637	121	590	856	253	122	426	451	134	179	427	845	639	572	
1343	1254	1115	1299	
153	1003	1056	225	1258	154	386	387	369	
1091	954	988	902	1077	1076	1080	954	1237	178	351	784	
425	275	943	1096	528	31	409	527	840	428	141	718	
1166	675	1232	774	524	
914	144	282	
995	1121	354	
464	375	83	688	285	307	75	
310	362	325	
433	603	1081	525	602	
1116	1086	810	1350	
114	909	813	
980	1094	798	
702	368	817	506	1024	84	201	942	85	412	473	
832	716	621	
1232	961	41	524	764	699	139	370	937	983	984	371	1104	1342	
1123	916	1200	543	1053	
879	411	864	1235	1082	808	1065	880	
49	50	617	
352	288	294	126	158	135	172	429	
143	1337	142	
877	1318	1330	62	990	896	1011	1286	1100	1001	651	61	266	876	28	1259	1203	
491	492	203	592	735	187	560	476	783	365	505	855	431	276	
907	906	1172	684	729	685	1215	685	1215	
553	566	18	787	559	19	
1291	17	850	410	
816	631	814	878	414	165	758	630	
682	286	287	858	
532	77	1329	1293	23	953	309	415	208	272	355	696	278	269	1106	234	296	55	43	304	12	508	573	504	599	303	588	36	1124	149	1273	406	407	341	1147	322	899	32	812	381	59	212	37	467	361	353	305	503	626	403	475	970	969	1213	189	64	770	827	1061	656	1252	284	1036	1234	360	1247	948	53	63	66	421	0	86	327	257	245	306	867	94	1167	1070	1071	724	88	649	408	1315	619	259	42	1271	195	93	936	627	1325	502	79	277	374	219	1348	526	388	235	340	594	250	218	736	1272	174	443	1187	1310	803	997	1351	515	1281	1029	618	1205	87	608	657	256	22	468	890	220	13	1	255	111	308	349	
1189	681	711	
1013	1152	524	
536	601	299	537	
606	129	130	1239	1238	891	
1173	268	141	434	1210	
1150	833	1151	834	833	1151	834	1257	
457	488	489	
964	182	185	822	
713	1062	919	38	405	1278	1017	
595	742	1008	
661	662	989	
580	767	574	474	581	556	397	1322	1323	767	292	574	
365	276	101	252	561	635	756	247	246	1161	102	188	766	263	202	505	491	492	203	592	735	187	560	476	124	435	9	319	
404	615	951	
535	422	1240	1149	
1288	1164	680	679	1305	1165	1155	1331	
430	172	70	
1160	952	1159	321	1168	
1134	513	1266	364	1276	1319	1326	1050	
113	458	1222	760	
69	1194	248	
1037	1265	1148	1301	871	872	1037	
1260	994	1193	
1277	885	884	
1280	1099	1018	
1092	1197	873	
311	562	654	459	215	438	439	1028	882	
777	678	776	677	828	
927	29	1176	
538	820	417	163	945	162	1186	418	390	707	708	389	
262	823	217	334	221	1087	333	632	345	8	357	491	492	203	592	735	187	560	
868	1335	646	1158	806	1336	1246	1263	805	
853	1033	1262	1292	
92	610	682	214	91	213	654	
1306	1332	1137	
44	782	186	1054	
326	913	1242	1004	115	743	
1066	372	117	1034	316	755	445	1005	373	317	
796	725	1120	650	1119	912	824	1201	
315	1283	586	837	838	
569	1046	281	
881	967	138	
1214	1206	670	455	456	
700	719	720	
444	1019	60	479	
1221	1220	1287	
96	1114	95	563	112	54	205	1136	728	474	581	556	397	204	200	866	579	578	1146	
1227	1320	449	
993	1111	772	576	
346	291	1032	
1321	998	1169	1154	1344	1264	
514	206	732	1182	857	644	811	1198	249	643	1145	848	
344	481	343	
8	334	1087	987	217	
501	496	763	746	1173	752	747	120	446	45	815	892	378	
1195	1300	1289	
384	531	843	1089	883	382	76	1088	
1022	228	227	1048	1023	51	52	
922	472	197	
501	496	72	552	239	71	446	748	605	979	497	991	892	
554	312	522	789	313	690	1014	164	1016	521	469	1055	633	1163	1128	
1352	1353	1334	1309	
738	772	576	
1133	1012	1113	
1027	842	1026	
175	145	209	1105	
763	1093	945	707	708	
905	156	982	251	196	727	
977	1277	645	885	884	
514	206	1182	857	644	811	1198	249	643	848	
425	275	99	1021	471	757	359	47	100	358	462	794	394	665	943	523	295	
955	1327	1338	
242	544	1211	1207	1223	1181	1328	294	352	1219	1312	1218	
24	1279	1298	
868	647	826	
930	529	694	695	664	1035	
614	731	1212	
457	83	688	132	488	489	307	625	
1184	330	518	517	331	920	
26	802	30	302	133	693	577	271	33	5	180	301	598	4	243	279	97	254	45	687	
320	332	981	551	1067	733	550	754	
846	1192	847	888	280	1097	
222	1110	90	1140	89	1311	
1162	1102	1125	
1191	1297	1010	1185	1009	1296	
39	1224	1225	
26	802	30	302	133	1175	271	33	5	180	4	243	279	97	254	45	687	
493	78	1101	
659	1216	660	
1250	1346	750	1251	
1057	903	600	
1340	1153	1341	
976	1064	10	
930	529	999	695	664	283	
177	607	668	875	40	148	34	35	585	80	547	519	314	686	6	123	328	663	401	424	516	190	
1268	1253	1267	
1171	967	138	
960	1282	1132	
530	859	839	1317	
640	697	442	971	495	463	293	1117	
666	965	1199	
1048	992	1243	
975	860	20	
339	108	416	
491	492	203	592	735	187	560	216	440	1038	211	870	441	399	622	229	753	
1217	1256	1074	587	
887	852	874	1131	886	81	
849	181	1229	524	
147	786	1007	584	
788	1098	1295	
1118	779	1041	16	780	
737	638	636	591	
397	773	1136	728	
1215	300	729	
1113	767	575	
385	274	240	241	273	929	
