454	452	56	693	374	509	178	397	528	595	992	665	968	492	709	761	476	99	531	462	261	382	411	459	232	433	299	400	1001	415	428	747	264	554	764	830	375	439	1075	467	551	559	779	406	469	510	756	733	969	970	555	617	765	505	849	815	708	179	364	508	558	633	575	659	451	438	668	55	809	363	937	669	187	94	461	582	278	64	
39	577	463	767	769	631	680	72	97	36	546	906	152	645	417	82	48	140	828	1024	102	121	949	766	35	120	75	60	464	671	953	98	38	414	444	141	786	825	565	732	101	
145	883	730	1077	436	932	146	77	517	291	126	40	268	967	86	275	228	274	147	285	181	161	876	1067	585	128	393	162	392	924	233	525	58	1053	167	1082	59	471	135	480	176	
445	345	442	907	330	175	354	385	491	279	481	402	621	283	544	889	313	404	835	208	319	131	296	396	662	597	188	266	303	468	604	827	258	1005	73	189	
209	486	1071	160	308	622	369	515	164	389	646	271	556	132	1059	159	286	664	534	395	57	944	1060	236	80	27	180	427	297	493	1021	347	348	916	
289	429	634	388	609	108	115	579	116	360	421	834	109	359	596	239	703	1080	453	69	114	304	535	778	842	186	763	482	6	290	
5	1055	20	616	776	716	880	7	78	424	44	615	527	41	485	943	148	506	681	781	21	724	377	25	425	651	782	46	
744	553	600	1076	885	670	1019	710	245	934	988	870	657	1033	787	935	817	562	598	853	93	607	125	1039	974	606	280	797	
119	373	14	29	13	34	32	47	690	18	19	24	689	22	806	9	11	888	688	587	15	905	3	
470	892	895	281	831	314	420	583	293	768	838	1054	722	1018	249	648	192	571	837	632	1083	
434	1022	62	327	569	658	63	0	173	174	251	423	71	1032	630	87	339	475	118	
335	298	896	216	68	334	338	235	337	592	788	234	12	729	365	640	1051	
537	1072	156	43	42	447	623	520	1027	913	65	76	200	238	51	49	
231	317	66	777	386	800	182	918	572	346	856	205	812	1063	356	250	
310	549	706	1010	224	780	479	84	770	737	74	993	309	811	85	810	
83	295	656	123	122	1000	987	294	875	584	1052	362	372	435	403	1069	
911	976	712	215	8	568	719	843	573	660	859	376	581	312	851	
474	88	89	936	758	219	965	103	177	96	514	901	677	61	166	
498	850	204	483	594	871	499	686	955	687	106	762	655	484	529	
158	292	1070	157	626	503	305	332	183	608	193	502	443	1030	168	
957	210	1015	207	560	172	702	908	874	576	771	351	1036	366	206	
211	844	839	33	785	466	899	755	940	259	501	253	494	618	
190	625	1025	155	539	254	886	1040	495	419	982	605	263	979	
202	324	473	637	857	153	980	613	873	954	248	663	826	
620	718	991	619	958	717	801	647	1066	841	990	532	930	
460	636	53	745	387	276	707	1037	754	814	340	972	
599	948	318	589	538	287	956	300	1057	863	218	
450	643	391	1011	644	845	836	790	738	774	221	
1068	383	759	137	201	695	1016	325	550	136	
750	203	840	349	1081	455	929	682	891	223	
408	862	938	242	282	243	446	465	591	407	
1050	639	418	775	333	586	593	701	734	1007	
877	368	878	1014	497	350	379	378	367	1004	
431	1042	997	921	833	691	742	652	1026	741	
678	792	649	714	798	673	650	966	872	674	
580	2	541	931	964	1006	1084	570	1	
882	381	952	240	422	23	195	552	951	
1003	336	151	726	487	516	371	1002	104	
124	711	222	822	638	723	685	511	884	
942	704	978	654	653	217	887	342	1035	
329	270	661	412	441	380	805	919	449	
614	322	920	897	794	898	323	847	848	
894	432	358	410	720	893	983	341	933	
143	437	16	1009	384	818	675	900	
353	923	1013	26	855	925	852	772	
50	696	697	1038	129	390	130	144	
1048	70	110	117	113	90	244	105	
107	796	960	578	561	743	715	220	
731	984	150	629	672	500	504	196	
413	154	927	928	409	945	288	227	
635	489	950	522	791	448	472	602	
100	399	881	149	28	398	699	
31	590	142	273	783	904	30	
301	67	496	79	241	683	81	
1058	740	138	973	698	739	355	
488	163	530	165	642	694	641	
255	1079	1012	536	256	926	1047	
793	986	357	272	521	808	784	
524	326	343	867	816	344	751	
566	1041	519	567	861	860	912	
903	902	4	1073	994	352	
45	1049	981	753	832	315	
111	112	370	169	612	628	
910	540	139	1017	171	865	
523	252	773	328	802	1078	
667	666	1008	975	760	1020	
869	946	947	868	1031	977	
757	194	52	1046	890	
1043	700	269	823	170	
1064	564	184	821	563	
257	430	265	214	199	
512	247	1074	229	230	
917	543	316	545	542	
713	705	721	574	603	
611	807	799	752	1065	
54	866	17	284	
262	127	92	507	
311	939	133	879	
134	361	846	804	
824	197	959	922	
440	225	995	226	
416	909	803	246	
795	457	458	533	
854	985	601	998	
820	610	963	725	
624	95	37	
746	858	91	
518	191	405	
213	212	819	
789	237	971	
260	267	692	
829	320	321	
557	456	331	
548	547	684	
1034	588	1062	
676	1023	813	
961	989	962	
996	1028	1029	
39	577	769	631	680	72	97	36	906	152	645	417	82	48	140	1024	121	35	120	75	60	98	38	565	732	
744	245	853	93	934	787	600	988	1076	935	125	870	817	1039	974	797	280	562	
434	1022	62	327	569	658	63	0	173	174	251	423	87	339	475	
210	1015	576	351	366	957	207	702	908	772	560	206	
78	20	424	425	681	782	46	377	943	148	
317	66	777	386	182	346	205	812	1063	250	
102	414	444	786	463	464	825	101	828	546	
158	292	157	305	332	183	608	193	443	168	
911	712	215	568	719	573	660	376	843	312	
281	1054	1018	470	293	831	314	837	420	892	
190	625	1025	155	539	254	886	419	263	
383	759	137	201	1016	325	550	136	
324	473	153	613	873	248	663	826	
498	204	594	499	686	955	762	687	
450	391	1011	845	836	790	738	221	
408	862	938	465	282	446	591	407	
1050	639	418	333	593	701	734	1007	
5	44	41	781	21	7	25	
850	483	871	106	655	484	529	
599	318	589	538	300	863	218	
877	368	1014	497	350	1004	367	
651	506	527	776	716	880	485	
706	780	770	84	993	85	
460	636	276	707	1037	814	
431	997	921	833	691	652	
202	980	857	637	954	
750	203	349	455	223	
310	549	224	737	309	
958	647	841	532	930	
722	583	571	632	838	
840	1081	929	682	891	
387	972	53	745	
71	1032	630	118	
279	208	73	175	
178	99	179	264	
1036	771	172	874	
231	356	856	572	
615	1055	616	724	
976	581	8	
64	56	55	
123	1052	122	
232	278	187	
878	378	379	
811	810	479	
883	932	480	
495	1040	982	
1019	598	553	
689	688	587	
606	670	607	
1070	1030	626	
643	644	774	
718	717	801	
991	990	1066	
807	270	457	13	636	47	682	767	939	783	191	374	907	1023	42	987	424	430	834	940	610	527	937	856	140	61	206	948	544	639	864	21	812	1001	802	751	819	498	899	933	580	142	141	362	1052	737	771	1030	87	409	814	1025	242	684	873	19	716	116	1016	505	7	199	376	623	712	491	44	578	633	323	96	481	754	300	982	995	677	668	104	903	749	329	159	681	399	717	854	1068	497	671	398	504	944	227	198	233	718	425	8	886	249	1073	173	908	536	825	891	1051	356	480	290	315	5	119	445	155	512	627	333	79	224	893	115	576	1028	178	1057	484	919	900	421	281	793	906	923	791	757	789	990	954	403	1024	274	533	688	506	766	1032	282	572	208	217	928	1004	808	785	1060	735	804	58	167	197	1018	2	259	444	588	790	837	514	742	551	280	407	89	277	469	510	1010	31	211	822	1049	624	542	72	699	450	611	615	913	1011	780	659	222	365	238	521	574	85	809	239	318	975	997	936	585	216	393	404	773	781	787	15	350	443	218	94	80	355	722	877	1008	186	127	763	64	17	760	782	1002	454	488	20	39	426	452	635	368	649	561	719	980	1072	150	866	630	981	1007	397	979	54	529	308	840	794	700	45	23	836	855	955	660	86	271	342	1	462	901	828	518	416	88	556	949	1003	1067	564	433	128	321	593	214	69	235	299	503	171	884	620	428	731	747	262	676	265	850	1042	1038	458	644	343	266	493	770	830	439	732	101	467	135	868	1083	331	553	560	107	1015	792	357	970	345	522	172	647	776	617	690	996	330	672	196	30	466	612	50	126	143	245	798	9	364	508	53	164	846	501	748	870	927	826	275	1006	851	363	132	255	431	678	795	83	909	911	669	697	541	313	845	272	871	75	534	985	187	379	395	378	447	396	38	520	853	746	361	686	1021	652	632	3	532	73	1005	136	507	1077	730	56	386	473	898	422	1066	769	205	912	685	284	601	992	78	998	1022	1070	958	968	645	709	243	761	346	194	276	195	387	65	698	977	295	991	210	292	317	543	293	35	1033	453	707	319	738	963	230	219	976	100	207	662	405	241	303	1075	448	820	865	324	779	634	327	733	108	34	149	555	589	247	1071	441	701	691	328	689	472	360	670	291	81	354	849	831	759	931	240	76	966	703	777	878	540	464	1036	1079	212	727	337	894	180	59	401	437	922	592	157	613	1009	994	847	859	200	253	347	500	258	813	176	312	474	429	1050	14	1058	714	151	160	600	656	516	146	133	509	860	170	655	666	637	153	358	594	591	964	389	476	99	531	359	816	801	942	285	459	1080	910	232	573	654	156	946	1064	380	638	581	711	231	598	302	917	959	383	251	499	1014	764	188	468	339	213	605	663	606	640	797	687	289	559	1020	388	16	969	496	0	1065	18	1076	338	629	608	993	803	175	805	1034	344	244	511	895	408	710	882	1029	152	755	740	575	177	417	915	420	51	228	49	325	223	366	118	147	449	683	252	725	739	1078	161	857	876	978	519	726	889	821	123	154	305	122	351	57	114	225	288	548	570	98	842	91	427	174	661	743	1062	729	811	341	616	316	436	692	412	456	932	983	193	721	885	220	930	595	965	667	566	483	706	858	311	234	832	168	550	971	221	102	322	539	918	545	1012	370	587	713	835	861	415	1031	890	957	257	414	778	1043	554	410	745	956	375	823	106	772	111	145	209	66	353	704	744	1055	26	631	158	367	36	622	1027	67	950	568	279	435	451	309	28	650	169	774	887	43	596	674	148	657	784	818	943	181	547	590	479	924	935	1000	263	25	525	852	1054	643	651	278	93	648	487	297	125	705	248	827	848	246	693	609	335	423	929	442	463	579	874	880	973	52	517	758	97	528	602	628	892	796	806	434	381	492	314	515	934	84	384	867	402	475	485	945	340	261	310	382	411	614	1013	4	63	881	392	904	829	653	296	817	1084	95	953	250	535	460	1041	530	902	471	604	1039	879	1017	810	189	413	883	62	470	577	32	841	256	567	371	1046	394	139	546	920	40	875	349	179	524	268	584	728	1040	988	526	11	888	715	753	438	1069	603	55	986	583	619	286	775	768	984	896	446	162	332	838	183	724	1063	679	562	914	202	1053	582	489	800	569	833	941	184	597	952	734	352	537	872	46	348	916	1035	618	1074	549	203	29	336	486	658	1061	24	680	33	92	22	625	237	385	665	1019	369	696	967	326	626	947	538	999	82	419	621	694	563	736	675	695	190	824	267	799	664	869	287	229	60	495	400	131	557	839	502	1026	843	112	599	27	204	1082	264	182	432	1081	37	134	440	607	702	720	571	788	925	320	137	482	565	6	741	926	974	373	406	756	586	752	68	334	844	74	765	201	77	552	972	815	708	391	301	418	558	109	10	372	41	269	138	646	494	48	103	283	951	124	121	1059	185	921	298	120	165	1037	723	1047	377	226	294	236	750	862	461	215	304	960	254	455	465	786	905	192	273	490	12	673	762	897	863	166	
938	1048	163	513	1056	477	105	130	90	641	523	110	117	129	71	260	70	478	390	113	642	144	
454	693	561	636	719	463	682	374	509	517	397	528	628	434	492	515	527	476	660	485	531	359	462	382	556	459	864	433	573	428	747	460	530	251	471	493	439	1039	467	640	814	559	470	969	970	522	647	776	617	716	993	803	505	466	612	511	712	755	364	508	633	575	501	748	826	982	753	438	725	668	363	911	252	431	937	669	697	519	541	896	821	534	395	447	582	746	427	1021	825	537	348	532	618	486	595	992	665	706	369	968	709	621	698	824	707	400	415	839	785	1060	219	843	599	554	720	375	790	823	551	779	406	469	510	327	733	756	555	701	765	472	972	849	450	815	622	568	558	659	451	646	521	494	878	540	787	393	464	781	1037	218	461	651	786	347	
5	119	373	14	29	368	13	34	0	32	609	47	690	18	19	973	24	52	7	906	22	806	50	9	44	10	41	11	1	545	4	21	15	1004	25	960	8	2	1038	905	994	12	652	352	6	3	
445	730	386	345	442	783	330	822	907	983	685	376	354	491	524	481	402	283	678	795	544	313	404	835	319	638	296	396	581	884	711	520	662	259	361	597	188	266	303	468	490	604	827	258	189	
289	429	704	388	980	108	68	115	579	116	360	421	637	834	109	234	954	596	703	777	1080	506	857	585	216	69	235	131	380	114	899	215	535	778	127	763	729	482	1005	290	
155	149	150	441	205	1049	170	97	92	143	45	384	82	419	832	966	148	147	190	121	185	83	120	1063	263	198	933	204	254	432	93	125	253	46	341	
277	627	1010	133	328	196	199	430	381	194	276	195	300	1078	239	272	572	214	257	197	265	800	134	440	362	273	248	246	312	
89	39	939	805	126	40	311	177	96	228	61	261	124	88	749	181	949	161	128	671	250	1064	184	514	565	879	176	166	
145	1077	146	77	291	385	268	76	86	275	274	221	118	411	784	267	1067	162	392	217	233	58	167	1082	59	135	
270	577	412	769	631	72	36	546	391	269	48	140	329	35	75	60	98	38	444	661	956	1051	315	
680	758	655	484	529	483	757	931	1006	317	583	318	838	570	498	850	722	499	745	571	632	762	
744	1076	1046	885	934	988	870	995	801	1032	1033	935	817	802	963	853	607	648	974	606	916	797	
78	180	209	308	1059	159	286	858	1043	664	53	54	160	1071	297	271	236	103	943	104	
238	237	539	976	1025	1027	49	999	156	538	200	65	42	43	51	865	
518	774	353	875	1069	681	584	372	656	987	435	403	295	294	
625	1050	512	302	301	580	418	333	593	1074	630	1084	818	675	
425	424	489	986	768	335	873	334	734	1083	663	448	808	449	
620	750	619	1012	91	84	1062	754	339	1034	220	85	340	
891	623	877	436	437	813	172	224	904	887	342	171	377	
1055	840	616	910	615	866	874	837	782	724	723	1017	892	
474	473	959	182	715	967	142	141	500	605	953	979	
488	452	1070	496	626	726	487	453	516	1030	944	507	
883	700	936	479	773	845	771	738	480	932	679	699	
1022	62	569	922	63	423	173	174	165	87	475	
635	304	383	1040	495	137	201	325	602	562	136	
310	549	1003	1042	876	737	629	1026	309	1002	504	
102	231	278	232	186	222	187	101	1035	828	
708	247	770	229	856	880	672	230	971	809	
1019	721	598	588	603	713	705	552	574	553	
566	1041	921	889	833	924	567	888	1007	919	
882	20	16	211	26	23	789	17	33	
255	578	898	743	497	536	256	897	367	
281	1018	1058	293	314	355	420	280	284	
634	298	1011	761	836	338	299	365	337	
923	913	946	855	947	1072	912	977	852	
1048	70	110	117	71	113	90	105	
1068	279	74	208	175	694	73	695	
324	152	336	151	358	371	227	331	
1054	413	245	414	153	282	154	244	
416	405	192	287	346	191	409	288	
942	978	941	321	387	1061	829	320	
322	903	920	902	1073	323	847	848	
696	399	686	955	788	1036	398	687	
886	854	645	1014	600	985	998	601	
792	714	649	798	673	650	872	674	
611	31	610	759	1065	30	670	
132	66	67	79	241	683	81	
107	1052	389	890	123	122	106	
523	938	260	129	390	130	144	
401	349	952	422	417	350	951	
408	862	918	465	591	446	407	
718	1081	717	929	764	812	820	
27	37	624	28	1001	80	
285	859	1075	95	94	851	
100	264	179	164	99	178	
111	793	112	794	370	169	
262	958	326	138	867	139	
202	203	210	249	223	895	
316	242	791	243	964	394	
667	666	1008	844	760	1020	
688	997	780	830	689	945	
909	1013	881	984	925	926	
56	240	64	57	55	
965	639	975	379	378	
948	457	458	1057	533	
940	547	684	548	901	
917	590	589	1009	863	
1000	736	1024	735	900	
894	842	893	841	930	
225	927	226	928	
691	410	356	357	
426	677	676	1023	
513	1056	478	477	
502	503	592	1079	
775	594	586	587	
614	796	613	692	
799	752	751	807	
767	810	811	766	
1031	871	869	868	
641	163	642	
816	344	343	
455	456	557	
1053	526	525	
550	543	542	
563	564	1047	
658	710	657	
731	732	831	
