1010	133	328	196	199	430	381	240	194	276	195	300	1078	239	272	572	214	257	197	265	134	440	362	273	248	246	312	
779	486	993	803	397	466	755	706	709	527	646	521	725	556	937	821	534	781	395	1060	530	1021	467	348	
469	510	756	970	561	374	509	505	472	508	558	659	451	462	382	459	415	447	428	582	747	471	537	
145	1077	146	77	291	385	268	76	86	275	221	118	411	267	1067	162	392	217	233	167	1082	135	
5	917	7	50	545	44	4	0	1038	12	21	973	52	352	6	1	3	1051	25	
22	119	373	14	8	29	9	609	34	47	690	18	19	859	11	15	24	
862	749	126	181	161	645	1064	261	128	184	177	565	608	228	1024	176	250	
622	733	554	633	669	575	896	393	476	617	765	790	698	531	551	668	595	
147	185	204	149	93	881	150	441	125	205	966	1063	198	170	92	148	
124	88	39	89	40	949	311	939	96	514	671	879	805	61	166	
665	460	369	693	969	573	787	682	439	1039	814	532	612	528	849	
559	454	450	431	461	522	519	427	555	786	493	375	501	400	972	
976	820	35	577	925	769	631	72	48	140	98	36	38	
289	704	703	108	109	127	115	763	380	131	1005	596	290	
386	544	1041	345	313	783	468	319	402	296	827	376	354	
1059	180	308	286	159	858	886	664	541	160	1071	271	
252	434	1022	746	327	569	251	423	173	753	347	502	
329	391	270	1043	1011	269	412	75	60	661	315	
986	489	768	873	1007	734	1083	663	448	808	449	
744	853	1032	934	988	1076	870	817	995	963	797	
1027	865	49	156	200	65	42	43	51	819	
143	432	45	836	120	384	253	419	46	341	
730	524	442	188	266	303	907	481	283	189	
445	899	662	259	361	404	604	835	330	258	
353	1069	681	584	656	987	435	403	295	294	
850	317	722	583	318	571	632	1006	680	570	
651	712	470	636	719	464	707	517	843	628	
78	209	53	54	297	236	103	943	104	
107	796	1052	389	890	123	122	57	106	
421	215	1080	778	585	216	68	69	116	
1048	70	110	117	71	113	90	244	105	
190	121	155	83	254	82	263	97	933	
429	388	535	422	482	513	114	359	360	
262	897	898	326	847	138	867	848	139	
416	405	909	192	287	346	191	409	288	
310	549	1042	876	737	629	1026	309	504	
815	406	878	492	697	748	1037	823	438	
488	452	496	726	487	453	516	944	507	
566	997	921	889	833	924	567	888	919	
611	31	610	759	1065	904	30	670	
132	66	67	79	955	241	683	81	
324	152	336	151	358	371	227	331	
292	157	305	332	183	158	443	168	
255	578	564	743	536	256	563	1047	
281	1018	293	314	355	420	280	284	
625	512	302	301	333	593	1074	675	
547	590	1068	684	589	1009	548	695	
710	894	842	658	893	841	930	657	
102	599	444	463	101	828	546	
523	938	260	129	390	130	144	
623	437	436	172	891	171	377	
231	278	232	186	222	187	1035	
877	780	224	1014	887	342	813	
708	247	229	880	672	230	809	
620	750	619	958	754	339	340	
965	639	766	975	767	379	378	
711	795	520	491	396	597	581	
1050	580	418	630	1084	818	900	
911	568	864	720	660	839	494	
950	857	637	506	980	954	998	
1055	616	910	615	874	724	723	
792	649	798	673	650	872	674	
2	13	368	994	1004	906	
20	16	211	26	17	33	
27	37	624	28	1001	80	
56	364	64	826	982	55	
62	63	174	165	87	475	
1079	1012	91	84	220	85	
100	264	179	164	99	178	
111	793	112	794	370	169	
304	922	137	201	325	136	
474	473	959	141	715	953	
202	203	210	249	223	895	
927	928	945	225	974	226	
1025	237	539	538	912	238	
592	298	761	299	1017	503	
635	383	1040	495	602	562	
408	465	591	446	1031	407	
490	822	983	638	685	884	
667	666	1008	844	760	1020	
882	952	23	789	951	
58	59	967	274	784	
285	1075	95	94	851	
182	142	500	605	979	
1015	576	351	366	206	
277	918	627	800	999	
425	424	335	334	856	
634	338	716	365	337	
363	824	968	785	992	
540	433	647	825	485	
948	457	458	1057	533	
483	745	655	484	529	
940	499	757	901	758	
515	701	621	640	511	
1019	598	552	574	553	
588	713	705	721	603	
1033	607	648	885	606	
883	845	773	932	738	
840	866	837	782	892	
1058	802	1046	801	916	
960	652	193	41	
694	163	74	73	
153	245	154	282	
618	219	218	776	
387	829	320	321	
691	410	356	357	
518	875	372	774	
1053	526	525	394	
398	399	1036	788	
498	686	762	687	
957	702	560	908	
775	594	586	587	
985	854	601	600	
696	935	838	931	
700	771	936	699	
799	752	751	807	
977	923	946	947	
978	942	941	1061	
806	32	905	
279	208	175	
234	235	729	
242	243	964	
791	316	349	
322	323	920	
816	344	343	
417	350	401	
1054	413	414	
455	456	557	
641	478	642	
679	480	479	
550	543	542	
614	613	692	
1070	1030	626	
677	676	1023	
830	688	689	
718	717	764	
731	732	831	
736	1000	735	
871	869	868	
903	902	1073	
1013	984	926	
962	961	989	
991	990	1066	
1029	1028	996	
559	454	779	406	452	510	970	509	450	815	940	364	492	508	558	575	591	659	709	791	451	621	531	462	438	494	698	725	382	459	519	393	839	447	226	428	747	375	537	
744	600	1076	885	797	670	987	916	1019	645	934	931	988	280	870	1003	1033	787	935	838	817	415	963	212	562	98	819	598	853	607	648	200	1039	213	974	606	813	553	
145	883	1077	473	357	932	385	391	700	1011	836	76	221	147	411	784	986	267	1067	845	738	217	233	396	643	167	1082	59	745	613	266	135	
807	469	470	486	647	692	844	397	992	793	434	622	476	501	646	521	485	363	669	433	534	785	530	427	644	493	439	339	467	551	618	
704	436	609	108	980	68	115	579	637	109	954	596	703	1080	585	216	69	235	131	380	114	899	535	778	127	482	1005	290	
209	1071	224	160	629	803	308	858	164	271	753	556	132	1059	937	159	286	664	395	1060	236	180	1021	825	347	897	348	315	
693	636	719	776	617	517	612	528	628	712	665	369	568	633	527	660	668	911	573	707	1001	944	651	460	554	720	471	814	
969	682	767	769	338	716	116	511	515	234	966	365	359	124	678	506	298	808	337	804	259	592	361	788	729	640	
1025	155	149	170	92	143	152	82	419	190	121	539	185	263	198	933	204	254	886	432	499	93	661	125	341	
549	1055	20	616	211	996	334	892	424	840	615	45	148	681	399	881	896	377	1054	425	837	782	891	46	
373	512	62	327	0	423	1007	466	1022	11	252	63	305	165	746	569	251	173	174	1074	253	87	
5	22	7	50	429	2	44	4	1038	10	41	994	781	12	21	352	1	25	
735	353	842	792	649	714	798	1013	925	75	673	1000	872	1075	736	674	94	294	
533	850	1027	318	49	458	156	538	571	999	42	863	43	227	772	51	865	
474	965	88	426	676	1064	184	128	311	177	821	514	1023	563	677	219	166	
518	416	948	405	875	372	956	192	287	346	191	650	927	928	409	1057	288	
488	824	906	959	922	13	478	587	18	763	689	6	3	325	477	
58	89	181	950	275	876	946	291	947	162	392	86	77	977	176	
1053	667	666	1008	577	141	146	671	760	1020	525	274	951	953	
257	277	627	430	265	800	864	362	214	194	195	790	1046	199	
431	755	960	958	540	561	541	247	841	880	691	472	532	930	
310	706	522	780	770	939	737	993	133	183	309	879	
289	285	215	276	851	859	1037	376	283	843	312	849	
795	520	491	524	442	597	835	303	581	296	1056	354	
718	523	991	1058	717	936	773	1066	990	802	801	699	
14	1015	1032	1040	495	71	630	982	605	979	118	
35	1051	95	60	732	475	72	48	140	36	38	
39	1043	955	269	576	565	608	823	680	168	1024	
445	544	313	404	188	330	319	827	258	73	189	
722	489	580	583	768	441	632	1083	1084	570	448	
882	923	913	26	1072	855	23	952	912	852	
119	806	29	34	32	47	690	905	888	24	
620	750	619	967	84	1062	715	1034	220	85	
102	599	414	446	463	464	631	101	828	546	
1012	984	150	672	926	500	1002	504	196	1079	
421	634	278	232	186	222	187	860	861	1035	
498	483	871	757	687	846	762	655	484	529	
708	566	1041	975	889	908	924	567	919	809	
107	1052	389	890	123	15	122	52	106	
78	151	53	54	866	297	103	943	104	
317	918	66	777	182	205	812	1063	250	
711	268	822	468	638	723	724	685	884	
582	909	555	761	764	374	299	400	505	
942	978	941	321	387	1061	829	320	972	
917	756	547	684	1009	907	481	548	901	
408	862	255	67	564	465	1047	595	
413	245	949	153	282	873	154	244	
158	292	503	332	868	193	502	443	
281	1018	293	314	355	420	344	284	
8	995	440	65	513	360	976	
611	31	1065	273	783	904	30	
304	383	759	137	201	1016	136	
202	203	249	138	973	223	895	
623	437	384	238	818	675	900	
324	461	248	663	826	1031	407	
981	1069	403	584	435	774	295	
625	1050	302	418	333	593	734	
1070	496	726	626	487	516	1030	
721	588	713	705	552	574	603	
688	1042	968	997	830	1026	945	
262	910	9	1017	171	139	
56	240	64	19	57	55	
126	40	329	270	412	96	
163	83	656	765	642	641	
336	696	358	697	371	144	
710	730	658	345	228	657	
614	796	335	743	847	848	
749	401	349	422	417	350	
877	368	1014	497	1004	367	
457	921	833	652	742	741	
766	479	480	811	679	810	
1010	1068	74	694	695	
938	260	129	390	130	
560	702	351	957	206	
578	898	536	256	225	
322	920	794	323	758	
775	594	586	686	398	
635	444	786	701	602	
161	301	81	316	
178	99	179	264	
100	453	834	507	
110	113	1048	105	
169	111	112	370	
117	210	207	366	
590	142	218	589	
733	490	748	172	
279	208	662	175	
381	239	197	300	
229	856	230	971	
816	326	867	343	
455	456	331	557	
342	654	653	887	
878	378	639	379	
983	894	410	893	
985	854	998	601	
929	610	820	1081	
33	17	16	
241	79	683	
120	91	97	
134	246	272	
231	356	572	
789	237	388	
857	543	545	
604	1028	1029	
799	752	751	
1036	771	874	
1049	1006	832	
