454	693	561	636	719	682	374	509	517	397	528	628	434	492	515	527	476	660	485	531	462	382	556	459	864	433	573	428	747	460	530	471	493	439	1039	467	640	814	559	470	969	970	522	647	776	617	716	993	803	505	466	612	511	712	755	364	508	633	575	728	501	748	826	982	753	438	725	668	363	911	431	937	669	697	519	541	896	821	534	395	447	582	427	1021	825	537	348	532	618	486	595	992	665	706	369	968	709	621	698	824	707	400	415	839	785	1060	219	843	554	720	375	790	823	551	779	406	469	510	327	733	756	555	701	765	472	972	849	450	815	622	568	558	659	451	646	521	494	878	540	787	393	464	781	1037	218	727	461	651	786	347	
270	150	463	981	170	97	45	836	856	384	140	828	232	1013	881	933	231	101	577	1016	546	143	349	846	417	1006	147	329	83	984	75	1063	187	198	98	38	886	661	46	341	315	155	422	412	769	205	92	82	419	832	102	190	35	60	976	804	599	204	1043	432	444	925	926	820	149	441	631	1049	72	36	391	1011	269	222	966	48	148	121	185	120	350	263	278	254	401	922	186	93	125	253	
474	145	89	39	1077	473	692	939	932	146	77	805	1023	291	979	965	385	126	40	268	967	311	177	76	96	86	275	715	228	605	274	61	118	221	124	88	261	181	411	614	749	161	267	949	986	1067	128	162	392	671	217	233	953	250	862	58	643	167	676	59	959	182	784	1082	1064	142	141	184	613	644	677	514	565	879	500	135	1035	176	166	
938	1025	744	586	589	1076	865	552	42	721	797	885	1046	1019	237	863	1027	696	594	995	934	855	538	988	870	238	130	65	51	49	43	574	603	641	801	523	971	539	1003	775	590	1032	1033	713	156	129	587	935	817	802	504	963	852	212	819	598	853	260	588	607	686	648	770	390	956	642	200	705	213	1002	974	606	916	144	553	687	
289	429	635	704	634	388	980	108	68	115	334	338	579	116	201	860	1061	513	360	1056	602	477	421	998	637	834	950	1040	109	761	234	954	365	359	325	596	942	703	777	1080	506	857	978	298	585	216	495	69	235	131	299	380	114	812	861	562	337	899	215	304	535	778	383	941	127	478	763	788	729	137	482	1005	290	136	
5	119	373	14	426	29	368	13	34	0	32	609	47	690	18	19	973	608	24	52	158	7	193	906	22	806	50	9	44	10	41	11	1	168	903	292	545	4	871	869	21	305	15	183	332	502	443	503	1004	1079	25	917	960	8	2	902	592	1038	1073	157	905	994	12	652	782	352	868	6	3	1051	
1055	616	1058	684	680	758	655	484	892	529	284	281	920	840	483	831	940	615	314	740	757	931	323	420	901	739	322	317	583	318	910	293	547	838	723	724	570	548	355	498	850	722	731	1054	1018	499	745	1009	571	837	632	732	762	1017	280	
20	209	16	1071	211	26	160	600	866	624	33	54	601	882	78	308	858	645	53	23	387	789	915	28	271	103	943	951	104	851	285	1059	159	286	854	664	321	985	829	1001	95	94	80	236	914	27	180	37	952	297	859	17	320	1075	
445	730	386	442	783	907	983	685	402	694	695	544	835	208	319	638	296	581	884	711	662	259	188	266	303	468	604	189	163	345	74	330	822	175	376	354	491	524	279	481	283	678	795	1068	313	404	396	520	361	597	490	827	258	73	
413	316	242	335	873	567	1007	919	244	394	408	245	424	566	153	791	243	591	964	526	888	449	918	768	921	282	889	446	924	154	741	808	1031	525	1053	425	489	414	1041	465	833	734	742	1083	663	448	407	
1050	512	333	247	767	844	880	630	672	625	667	708	301	666	418	675	818	809	639	766	975	399	593	229	379	398	378	1084	230	302	580	1008	1074	760	1020	
549	436	172	224	996	629	1028	689	1029	623	780	309	887	342	945	310	688	997	876	904	1026	171	377	877	437	1042	1014	830	737	891	813	
277	627	1010	133	328	196	199	430	381	999	194	276	195	300	1078	239	272	572	214	257	197	265	800	134	440	362	273	248	246	312	
62	658	898	423	256	367	710	1022	578	475	563	657	252	255	63	564	497	165	1047	746	569	251	173	174	743	536	87	897	
107	353	56	656	987	796	875	584	372	240	389	435	774	403	295	1069	55	518	681	123	122	57	890	294	1052	64	106	
203	456	1034	220	895	958	84	754	85	340	223	210	619	1012	654	557	653	202	620	750	455	91	249	1062	339	
1048	1015	874	576	105	90	366	206	110	117	71	1036	351	957	207	70	702	908	113	772	560	
488	132	452	66	1070	67	496	79	626	726	955	487	241	453	516	1030	944	683	81	507	
324	152	331	336	357	151	358	410	691	356	927	928	371	225	227	226	
948	543	792	457	649	714	798	458	673	650	542	872	1057	674	550	533	
100	923	264	179	913	164	946	947	1072	99	912	178	977	
810	883	700	936	479	773	845	771	738	480	811	679	699	
611	807	31	610	752	759	799	1065	30	670	751	
894	842	893	841	1000	930	736	1024	735	900	
111	112	793	794	370	343	169	816	344	
416	405	909	192	287	346	191	409	288	
718	991	1081	717	929	764	1066	990	
262	326	847	138	867	848	139	
961	989	962	
289	429	704	634	388	980	108	68	115	334	338	579	116	360	998	421	637	834	950	109	761	234	954	365	359	596	703	777	1080	506	857	978	298	585	216	69	235	131	299	380	114	812	337	899	215	535	778	127	763	788	729	482	1005	290	
474	89	39	939	1023	805	965	126	40	311	177	96	228	677	61	261	124	88	749	181	949	161	128	671	250	862	676	1064	184	514	565	879	176	166	
5	426	368	13	0	973	52	193	7	906	50	44	10	41	1	545	4	21	1004	25	917	960	2	1038	994	12	652	782	352	6	3	1051	
145	1077	932	146	77	291	385	268	967	76	86	275	274	221	118	411	784	986	267	1067	162	392	217	233	58	167	1082	59	135	1035	
155	577	463	769	631	72	97	36	546	846	82	48	140	828	121	83	35	120	75	60	976	263	98	38	804	599	922	444	926	
744	1076	42	1027	696	934	988	870	238	65	51	995	49	43	1032	156	935	817	504	963	687	853	686	200	974	797	865	
149	150	441	205	170	92	966	148	147	190	185	1013	881	984	1063	198	933	204	432	93	925	125	
22	119	373	14	806	8	29	9	609	34	32	47	690	18	905	19	11	15	24	
891	623	877	436	437	813	172	224	780	996	1014	904	887	342	171	377	
518	774	353	875	1069	681	584	372	656	987	435	403	295	294	
625	1050	512	302	301	580	418	333	593	1074	630	1084	818	675	
252	1022	746	62	569	63	251	173	174	423	165	87	475	
957	1015	207	702	908	874	576	1036	351	366	772	560	206	
281	1054	1018	1058	293	314	355	837	420	280	892	284	
488	452	1070	496	626	726	487	453	516	1030	944	507	
498	483	940	499	745	757	901	762	758	655	484	529	
143	254	886	45	836	384	253	419	46	820	341	
391	329	270	1043	1011	269	412	661	1016	981	315	
850	317	722	583	318	931	571	632	838	680	570	
78	209	53	54	866	297	236	103	943	104	
473	959	182	715	142	141	500	605	953	979	
324	152	336	151	358	927	928	371	227	331	
1059	180	308	286	159	858	1071	664	160	271	
1019	721	598	588	603	713	705	552	574	553	
948	792	714	649	798	673	650	872	1057	674	
882	20	16	211	26	23	789	17	33	
102	231	278	232	186	222	856	187	101	
523	641	938	260	129	390	642	130	144	
292	157	305	332	183	608	158	443	168	
425	424	335	921	833	873	924	663	919	
132	66	67	79	955	241	683	81	
1048	70	110	117	71	113	90	105	
107	796	1052	389	890	123	122	106	
304	383	1040	495	137	201	325	136	
255	578	743	497	536	256	1047	367	
310	549	1042	876	737	629	1026	309	
489	768	1007	734	1083	448	808	449	
1055	840	616	910	615	1017	724	723	
883	700	936	845	773	771	738	699	
611	31	610	759	1065	30	670	
1012	91	84	1062	1034	220	85	
413	245	414	153	282	154	244	
708	247	229	880	672	230	809	
620	750	619	958	754	339	340	
408	918	465	591	446	1031	407	
27	37	624	28	1001	80	
163	1068	74	694	73	695	
285	859	1075	95	94	851	
100	264	179	164	99	178	
202	203	210	249	223	895	
1025	237	539	956	538	863	
316	242	791	243	964	394	
667	666	1008	844	760	1020	
56	240	64	57	55	
262	326	138	867	139	
416	405	909	192	191	
401	349	422	417	350	
854	645	600	985	601	
1033	607	648	885	606	
688	997	830	689	945	
718	1081	717	929	764	
1000	736	1024	735	900	
169	111	112	370	
287	288	346	409	
387	829	320	321	
691	410	356	357	
975	378	639	379	
513	1056	478	477	
502	503	592	1079	
548	547	1009	684	
775	594	586	587	
799	752	751	807	
1046	801	916	802	
977	923	946	947	
279	208	175	
212	819	213	
322	323	920	
816	344	343	
455	456	557	
458	533	457	
679	480	479	
1053	526	525	
550	543	542	
635	602	562	
566	567	1041	
614	613	692	
658	710	657	
731	732	831	
1049	1006	832	
841	842	930	
871	869	868	
902	1073	903	
913	1072	912	
942	941	1061	
991	990	1066	
