679	23	780	64	122	55	873	152	387	320	995	845	183	57	84	909	606	738	1050	443	602	994	280	821	293	281	16	211	305	699	389	220	107	607	608	883	480	323	26	292	562	1051	322	284	168	936	123	66	158	961	56	33	648	262	139	383	20	518	91	17	324	336	106	479	79	227	371	355	326	81	138	963	545	193	331	771	332	635	874	151	321	67	85	789	240	495	700	829	773	157	358	314	
555	501	651	428	460	701	510	712	393	375	505	363	438	431	785	575	864	528	469	982	776	558	493	747	509	748	559	660	517	755	374	815	519	823	561	450	628	612	382	461	406	531	568	709	972	659	459	364	471	814	451	537	633	415	787	427	508	911	843	554	582	447	1083	439	472	454	970	928	573	522	693	636	492	668	494	
800	362	239	276	345	524	277	259	662	381	884	189	195	490	827	133	197	303	319	283	354	196	409	214	572	711	313	188	468	685	134	822	795	376	481	730	678	604	491	445	597	581	330	440	638	246	296	361	272	328	835	265	396	248	386	404	194	627	933	257	1005	300	442	266	402	273	199	312	783	544	430	520	258	
913	131	777	729	87	234	475	327	114	482	173	506	289	944	640	906	127	423	579	804	585	552	69	388	899	215	1001	609	1010	621	109	953	834	216	1043	115	1039	218	930	68	290	360	421	846	746	429	1048	920	1028	749	596	535	598	359	703	165	116	704	955	847	925	497	62	174	235	796	380	618	63	848	882	108	
839	60	75	270	923	590	513	566	1055	855	661	1006	124	860	589	567	176	851	477	181	228	728	727	94	368	315	261	177	367	886	577	184	412	565	269	1012	39	1067	126	1081	128	767	166	637	877	391	250	766	1018	919	61	40	852	441	984	867	95	497	951	985	329	948	934	1032	478	1079	161	
420	1034	900	782	916	977	954	683	655	570	1036	932	888	866	293	632	801	484	763	960	990	1045	1009	802	931	840	986	850	917	511	410	722	893	529	1017	518	983	219	571	757	202	223	483	499	317	878	838	1033	203	1020	336	1066	859	745	583	210	249	873	318	357	1015	958	758	
959	964	542	578	182	652	816	997	1022	752	761	820	222	1075	408	1046	912	142	550	543	965	1026	1063	298	278	799	407	903	1038	891	187	536	836	786	446	255	898	890	232	905	902	591	751	500	465	871	141	299	807	231	186	1014	256	
969	733	476	935	395	719	433	556	937	1021	532	348	756	530	646	707	647	369	753	397	541	466	665	725	790	540	400	716	698	527	825	779	622	434	462	669	682	617	467	551	347	485	896	515	521	534	595	781	765	486	720	470	
468	345	524	662	884	490	491	303	319	283	678	354	376	386	1005	711	188	685	795	481	730	822	604	445	597	581	330	296	361	638	835	313	396	404	259	442	266	402	189	827	783	544	520	258	
775	611	1016	610	31	774	1065	1047	967	642	656	584	594	1062	895	1003	812	641	294	403	875	862	1076	681	30	306	586	881	1023	1054	587	353	1080	794	295	372	435	1077	307	1074	
131	777	609	234	388	114	482	289	115	579	585	69	899	215	1010	109	506	1039	68	290	360	421	618	216	920	749	596	359	703	116	704	847	925	834	235	380	429	535	848	108	
4	18	10	21	14	12	11	3	1070	22	24	6	352	52	50	29	15	41	44	34	5	119	7	13	25	2	8	0	9	47	32	1	19	373	1057	
76	441	385	190	233	93	150	149	432	167	624	146	833	221	205	59	148	267	77	268	411	118	162	198	217	58	291	145	147	135	185	86	1053	125	92	
4	18	10	21	14	12	11	3	1070	22	24	6	352	52	50	29	15	41	44	34	5	119	7	13	25	2	8	0	9	47	32	1	19	373	1057	
420	916	570	1036	293	1015	932	801	632	484	960	990	583	802	931	722	850	958	483	1017	838	571	757	499	317	655	1033	529	1020	318	745	758	
863	715	697	740	739	563	857	1059	653	474	1027	414	809	605	708	938	473	1007	991	947	413	880	979	973	654	230	229	564	672	696	
933	362	239	197	196	800	277	381	133	328	409	214	572	134	195	440	246	276	272	265	248	194	627	257	300	273	199	312	430	
959	820	542	578	182	652	1022	407	298	408	550	543	1063	761	836	786	446	255	536	890	142	591	500	465	1014	299	141	256	
831	178	264	692	169	791	754	743	731	226	619	179	339	99	112	613	100	111	620	750	732	225	614	340	1052	370	164	
818	53	788	365	103	271	957	334	337	335	78	209	308	236	160	286	768	180	634	338	104	962	159	853	664	297	54	
602	961	23	33	16	780	211	635	389	122	383	874	220	20	107	91	85	17	789	495	106	26	562	84	123	
453	316	792	946	649	452	673	798	507	496	394	650	674	516	488	243	1019	872	950	726	626	813	934	242	714	
900	736	691	316	792	888	904	673	1045	772	394	674	917	498	410	650	487	1060	1042	1073	996	356	243	357	242	
683	900	782	977	954	888	866	763	1045	840	986	917	511	410	1009	518	219	878	983	336	1066	859	873	357	
420	916	1036	293	1015	483	801	632	484	960	990	583	802	931	722	850	1017	571	317	838	1033	1020	318	745	
392	844	1058	684	667	274	666	547	809	992	275	1044	503	1008	502	592	975	987	760	832	708	548	784	
304	163	1035	849	137	924	74	1061	208	797	383	136	175	325	1072	695	694	73	201	1000	279	929	569	
729	87	475	327	173	944	640	930	218	423	552	1001	906	621	497	746	598	165	62	174	796	63	
829	331	336	321	57	387	320	371	138	139	55	64	324	56	240	326	262	358	152	151	227	
59	58	291	76	217	135	385	77	167	441	411	146	221	118	267	86	1053	162	145	233	268	
452	673	872	507	394	798	496	453	316	243	488	792	626	650	726	674	649	516	242	714	
761	222	964	542	543	1046	912	232	299	550	1075	965	187	898	816	891	231	186	298	278	
40	680	39	250	181	228	126	102	176	177	101	128	261	166	565	124	184	161	61	
603	553	574	588	110	705	71	552	117	252	105	251	713	327	70	721	113	90	
3	0	5	10	52	352	21	50	13	2	12	4	25	41	44	1	6	7	
40	680	39	250	181	228	126	176	177	128	261	166	565	124	184	161	61	
679	773	699	1051	909	994	963	771	845	883	821	936	480	1050	479	700	
40	39	250	181	228	126	176	177	128	261	166	565	124	184	161	61	
222	964	1046	912	898	1075	1038	965	187	1026	816	891	232	231	186	278	
40	39	250	181	228	126	176	177	128	261	166	565	124	184	161	61	
40	39	250	181	228	126	176	177	128	261	166	565	124	184	161	61	
40	39	250	181	228	126	176	177	128	261	166	565	124	184	161	61	
812	794	294	403	875	774	353	584	681	967	1062	435	656	295	372	
670	717	759	1025	885	1069	1040	956	841	861	868	1078	1068	826	764	
1059	653	654	230	697	1007	991	809	229	947	672	857	696	708	880	
34	18	32	119	11	24	14	47	29	9	15	8	22	373	19	
253	45	93	432	190	254	143	120	419	341	92	125	46	384	
1073	904	736	691	996	242	772	1060	356	243	357	498	410	1042	
92	82	432	97	83	121	190	120	155	254	125	263	93	
437	436	171	172	377	342	224	309	310	737	858	623	901	
40	124	39	441	88	89	96	166	311	514	61	805	671	
150	205	149	93	147	432	624	190	185	198	148	125	92	
806	793	978	824	1002	741	918	742	914	885	989	942	
40	39	441	88	89	96	166	311	514	124	805	61	
567	919	368	566	497	948	637	877	367	1006	1079	985	
688	426	778	390	129	689	869	260	130	915	830	144	
983	900	336	1066	859	954	1045	1009	986	917	763	
817	539	42	49	538	156	65	237	43	51	238	
302	625	512	333	593	630	675	301	907	580	418	
881	1023	895	641	642	1054	306	1080	1077	1003	1074	
562	602	91	85	635	789	383	874	220	495	84	
443	292	305	332	158	157	608	168	193	183	
36	75	98	140	38	48	72	1082	35	60	
940	988	974	735	978	999	742	806	718	1030	
269	329	75	412	270	391	661	441	315	60	
1044	975	844	1008	666	667	760	987	992	
683	219	518	977	878	357	888	511	873	
230	1007	809	229	947	247	672	708	880	
673	900	487	1045	316	394	888	674	917	
771	773	909	963	994	936	480	479	1050	
489	449	663	808	424	870	448	734	425	
1059	230	1007	809	229	947	672	708	880	
222	903	187	278	232	231	186	902	
643	803	80	28	644	27	1084	37	
152	331	336	358	324	227	371	151	
732	831	111	731	169	370	791	112	
754	750	743	620	619	1052	339	340	
1025	717	759	1040	956	861	885	764	
603	574	588	705	553	552	713	721	
983	900	336	1066	859	954	1045	763	
603	574	588	705	553	552	713	721	
16	26	211	961	17	23	33	20	
673	798	872	792	650	674	649	714	
769	599	828	464	444	463	546	631	
603	574	588	705	553	552	713	721	
457	533	966	941	458	1029	1049	865	
1043	804	955	913	846	1028	882	953	
910	837	724	892	615	616	723	
159	160	962	308	286	180	664	
71	110	117	105	70	113	90	
1069	826	670	841	868	1078	1068	
1034	893	203	202	223	210	249	
1031	677	1011	676	981	971	813	
529	757	758	499	932	655	958	
455	629	241	557	456	132	549	
351	206	366	560	207	702	576	
1034	893	203	202	223	210	249	
894	344	842	343	525	526	1071	
587	594	775	1076	862	586	
176	181	128	565	184	161	
679	1051	845	883	821	700	
390	129	869	260	130	144	
739	973	1027	414	740	413	
284	314	280	293	355	281	
811	379	378	810	639	943	
176	181	128	565	184	161	
222	186	278	232	231	187	
179	178	264	100	99	164	
325	304	137	383	136	201	
457	533	941	458	1049	865	
200	504	952	968	523	744	
489	449	663	808	870	448	
1065	610	1047	30	31	611	
1024	786	998	690	976	
1031	677	813	981	676	
563	564	473	715	474	
408	465	446	407	591	
350	422	417	401	349	
817	238	538	237	539	
154	244	282	153	245	
1058	684	547	832	548	
956	861	885	759	1040	
54	103	104	53	78	
985	567	877	368	566	
706	856	927	897	770	
107	122	106	123	389	
191	192	416	346	405	
40	261	126	565	128	
1019	950	813	946	934	
51	65	43	49	
971	677	813	676	
645	854	600	601	
1037	879	993	939	
829	387	320	321	
1011	677	813	676	
876	285	95	94	
81	66	67	79	
1084	643	803	644	
926	213	212	819	
394	243	242	316	
326	262	139	138	
605	938	863	979	
370	111	169	112	
64	56	57	55	
392	274	275	784	
840	782	866	410	
343	1071	842	344	
578	536	256	255	
80	28	37	27	
73	208	279	175	
1067	1018	1055	934	
751	752	807	799	
285	95	94	
365	634	338	
288	287	346	
550	543	542	
209	236	297	
51	156	49	
496	453	488	
997	905	871	
399	908	398	
1064	887	671	
688	689	830	
706	897	770	
357	356	410	
299	761	298	
980	949	921	
688	689	830	
182	141	142	
592	503	502	
687	762	686	
170	441	204	
839	766	767	
107	106	389	
613	614	692	
564	715	474	
653	991	654	
943	810	811	
388	535	290	
731	732	831	
557	456	455	
251	327	252	
592	503	502	
1032	95	94	
1067	1018	1055	
1067	1018	934	
1019	813	946	
657	658	710	
1016	307	306	
1041	346	1013	
973	739	740	
648	607	606	
726	516	452	
788	337	365	
