14	270	13	516	191	133	907	655	834	153	591	856	61	206	232	544	864	654	21	380	751	498	188	213	409	559	16	496	0	18	19	805	7	199	344	244	408	882	712	491	366	104	739	903	749	329	821	123	351	122	57	114	233	198	8	908	825	729	480	341	315	445	155	616	115	412	456	576	193	885	793	706	757	311	789	234	274	102	322	539	587	129	835	808	197	554	410	837	113	106	407	111	66	31	822	542	611	622	615	659	435	318	547	590	585	787	393	15	350	443	94	722	643	877	186	93	648	64	125	17	760	827	20	426	649	423	719	442	463	874	892	434	840	794	23	836	660	271	342	462	411	614	63	321	214	392	235	95	884	620	747	262	644	343	266	493	439	879	331	189	553	107	883	792	62	345	577	647	32	776	617	690	841	196	30	105	546	126	245	349	9	364	584	164	748	11	275	130	753	641	55	132	583	619	909	669	541	313	272	838	187	724	447	202	520	746	361	537	348	3	618	203	730	56	29	658	336	898	205	284	22	696	645	709	243	538	346	194	65	736	695	190	543	293	110	267	869	60	707	319	131	839	112	204	405	662	440	702	720	320	6	820	406	108	752	555	589	68	844	441	765	201	689	472	849	708	109	10	269	646	103	283	124	121	878	540	120	212	750	894	59	401	786	157	613	192	273	12	200	347	642	312	
512	516	509	97	358	791	99	694	614	688	573	128	572	587	557	415	819	428	571	865	559	353	413	510	357	586	172	175	513	72	360	699	354	511	710	578	508	558	575	177	96	574	43	739	73	71	464	570	98	355	465	127	173	174	125	352	897	356	176	507	
452	730	336	333	335	374	326	419	340	545	392	711	182	375	339	331	373	353	327	0	334	338	330	328	376	450	391	179	418	372	451	596	181	185	329	871	896	404	332	183	377	337	180	886	592	184	597	536	760	290	
714	561	247	256	567	815	566	759	870	563	261	252	255	564	713	562	250	257	731	254	260	259	249	251	833	253	565	248	258	640	246	772	
145	457	368	24	77	139	143	76	138	402	888	887	140	851	459	852	461	254	460	134	142	458	137	500	135	144	560	136	
149	224	150	579	146	672	220	222	279	223	148	449	147	221	225	504	227	219	226	218	843	278	444	448	280	
289	291	301	740	300	674	675	295	678	292	854	298	593	299	296	288	294	853	204	297	303	741	863	480	
306	79	866	893	78	308	667	491	492	867	309	801	310	799	305	850	489	304	800	490	493	307	
506	600	579	822	812	803	802	890	529	601	899	599	598	611	546	588	444	141	814	813	
549	88	89	83	656	116	548	735	81	80	84	82	86	87	90	85	550	
155	163	544	159	161	160	773	162	456	765	165	158	394	164	359	166	
211	577	47	479	42	477	44	45	478	476	848	46	48	49	657	
474	210	473	609	697	371	612	529	611	59	610	698	597	475	366	
368	399	370	400	398	397	466	367	401	369	138	402	403	366	
426	181	545	717	63	75	74	503	718	425	424	427	720	
534	653	727	651	535	728	195	536	650	652	532	533	
324	239	545	242	889	805	236	237	240	788	241	238	
559	496	0	495	497	498	625	499	137	500	494	
635	35	881	528	36	38	899	207	37	686	687	
634	436	631	880	100	850	437	633	632	101	438	
155	829	838	502	503	581	367	582	791	268	266	
454	488	779	423	422	156	453	781	421	455	420	
840	706	29	31	32	654	841	655	30	
210	50	209	211	53	208	52	51	54	
155	152	151	157	845	846	154	122	61	
625	623	622	627	179	626	629	624	621	628	
167	842	168	481	482	169	170	171	
795	486	864	487	229	485	228	230	
862	385	483	386	856	384	484	525	560	
5	178	2	4	0	169	1	
798	775	545	446	362	790	774	169	
302	506	780	404	468	467	505	
310	667	493	812	817	816	818	
899	473	314	389	390	315	601	
416	388	607	387	417	608	606	
44	211	479	478	3	341	
27	391	26	28	24	25	
750	59	764	763	765	762	
363	364	361	362	156	365	
515	527	526	516	514	517	
119	117	501	116	118	
877	329	878	879	689	
523	520	524	522	521	
676	786	770	771	677	
681	682	737	738	683	
796	704	703	705	797	
58	34	33	55	
39	40	41	721	
231	67	761	68	
277	669	276	668	
324	708	323	325	
382	381	383	380	
428	429	431	430	
450	700	702	701	
716	715	552	551	
592	873	868	872	
665	666	664	784	
743	742	671	670	
733	734	732	735	
899	902	901	900	
352	358	3	
258	561	3	
292	56	9	
870	13	884	
349	30	336	
123	63	141	
69	630	70	
107	363	156	
281	152	282	
215	217	216	
769	260	768	
265	264	263	
287	285	286	
319	588	590	
379	378	602	
392	472	471	
395	396	394	
469	470	785	
498	576	793	
556	638	639	
663	569	568	
604	605	603	
688	637	636	
662	902	661	
861	680	679	
691	693	692	
722	724	723	
725	726	895	
744	756	745	
755	754	753	
777	792	778	
826	827	828	
831	832	830	
875	876	874	
894	907	879	
401	369	399	138	400	402	403	398	397	466	
369	368	370	367	366	
498	793	496	576	
5	178	2	4	0	372	332	169	1	290	
899	662	902	661	901	900	
302	293	288	290	
