14	20	426	270	13	151	719	160	150	463	579	146	133	758	397	529	424	794	381	700	591	23	836	402	271	485	359	462	828	61	382	232	544	63	864	593	321	21	235	299	296	380	812	95	503	829	581	751	747	580	383	141	764	266	814	289	163	16	62	345	617	18	690	19	672	7	466	244	394	546	126	152	245	9	268	584	164	740	846	748	11	300	275	130	228	826	223	366	55	147	449	132	678	583	739	749	159	161	399	717	795	541	854	845	272	162	75	821	123	154	122	395	398	225	288	504	227	233	396	718	425	582	853	8	746	427	908	825	537	891	480	155	56	827	486	224	885	33	220	284	22	281	369	791	709	243	757	538	234	65	403	675	274	295	221	695	322	292	539	543	293	267	282	370	129	229	60	319	131	400	839	502	808	890	230	219	843	58	588	444	702	720	303	320	6	448	741	280	820	66	34	149	752	589	844	74	701	765	542	158	689	291	367	450	622	301	10	269	222	279	283	674	148	124	121	318	540	590	298	585	773	120	165	15	218	94	226	294	750	278	59	401	93	157	273	64	297	12	17	487	673	762	763	863	813	166	
457	368	714	561	866	880	308	492	856	384	867	816	140	801	261	310	459	564	817	250	884	850	731	460	251	142	458	493	101	135	640	144	560	256	567	139	143	491	633	870	888	438	851	252	255	768	305	562	489	260	800	249	833	632	136	386	436	79	893	769	24	484	78	385	566	483	667	563	799	713	100	257	27	259	134	565	137	307	772	145	634	26	306	247	631	77	815	759	76	309	28	887	818	525	25	852	862	461	304	254	437	490	253	248	258	246	
452	335	907	374	170	655	840	855	1	340	4	654	171	711	302	468	868	339	467	879	331	242	0	32	873	841	338	330	505	805	30	376	798	323	481	325	329	775	871	889	446	332	842	872	290	5	29	336	333	178	237	706	326	419	168	506	545	804	167	2	788	241	375	790	482	324	373	327	31	334	328	708	391	418	780	372	240	138	451	238	169	774	596	181	239	878	404	377	236	337	894	877	592	
445	277	704	730	616	792	883	496	522	898	442	68	874	441	456	516	576	517	344	849	793	796	434	712	882	67	524	834	153	615	618	515	875	527	761	346	276	526	435	789	521	342	494	677	668	523	614	703	619	777	876	669	787	495	497	835	838	723	724	443	498	620	231	722	520	676	778	499	440	613	786	343	770	771	705	439	514	347	500	729	760	3	341	797	
474	454	488	635	473	609	423	422	115	600	528	892	601	421	900	314	610	311	389	475	698	901	102	35	110	881	156	214	453	802	112	599	598	207	262	662	899	902	554	37	362	390	113	213	106	553	687	107	111	779	108	555	822	803	371	312	612	36	105	611	364	109	365	420	103	104	809	363	547	697	313	781	114	212	38	455	361	686	597	661	847	315	
559	429	353	413	512	510	357	586	636	172	509	175	513	72	360	865	97	354	511	699	710	755	430	637	578	508	358	558	575	177	96	99	356	754	694	753	574	43	556	431	688	639	573	128	572	587	71	464	557	638	415	570	98	355	819	428	414	465	127	173	174	571	125	352	897	73	176	507	
203	407	406	807	649	658	647	776	412	191	205	201	193	472	196	199	408	806	349	696	645	659	194	660	646	736	641	206	190	411	903	909	869	393	392	351	707	187	350	57	447	198	202	643	197	204	405	186	410	644	471	648	188	192	837	642	200	409	348	189	
627	629	624	628	625	623	179	626	728	195	650	621	533	185	896	534	183	653	727	180	651	535	886	182	184	536	652	532	
119	549	89	733	656	116	81	84	501	82	86	90	85	550	118	88	83	117	904	548	735	80	734	87	732	
209	211	577	47	52	42	477	54	50	44	53	45	476	51	48	49	657	210	479	208	478	848	46	
416	388	607	387	417	608	606	
681	682	737	738	683	
39	40	41	721	
716	715	552	551	
665	666	664	784	
743	742	671	670	
69	630	70	
215	217	216	
265	264	263	
287	285	286	
379	378	602	
469	470	785	
663	569	568	
604	605	603	
861	680	679	
691	693	692	
725	726	895	
744	756	745	
831	832	830	
14	426	270	13	151	719	150	463	579	146	133	758	397	529	424	794	381	700	836	402	271	485	462	828	61	382	63	864	593	829	299	380	296	812	503	581	751	747	580	383	141	266	814	289	62	345	617	690	672	7	466	244	546	126	152	245	9	268	584	740	846	748	11	300	275	130	228	826	223	366	55	147	449	132	678	583	749	795	399	717	854	845	272	75	821	123	154	122	398	225	288	504	227	718	425	582	853	8	746	427	908	891	480	155	56	486	224	885	33	220	284	281	369	791	243	757	65	403	675	274	295	221	695	292	267	282	370	129	229	60	400	131	839	502	808	890	230	219	843	58	444	702	720	303	6	448	741	280	820	66	34	149	752	844	74	701	689	291	367	450	622	301	10	269	222	279	283	674	148	124	121	298	585	120	15	218	226	294	750	278	59	401	93	157	273	64	297	12	487	673	827	863	813	
20	163	16	160	589	18	19	765	542	158	394	22	709	164	591	23	538	234	359	739	322	539	318	232	159	161	293	540	543	541	544	590	321	162	773	21	165	235	319	395	95	233	396	94	588	764	763	825	17	320	762	537	166	
386	714	13	561	898	769	484	385	566	483	856	384	563	261	564	713	250	884	257	731	662	259	902	251	565	640	772	247	256	567	815	759	870	252	255	583	768	525	562	862	254	260	249	833	661	253	248	258	246	341	
634	436	79	306	866	893	631	880	78	308	667	491	492	633	867	309	816	438	801	818	310	799	305	817	100	850	489	304	437	800	490	493	632	101	307	
145	457	368	26	24	77	139	143	76	888	28	887	140	851	459	852	25	27	461	460	134	142	458	137	135	144	560	136	
688	172	128	464	175	415	42	360	97	710	791	558	465	173	174	177	96	99	694	43	176	
559	699	578	586	127	573	572	575	71	557	571	587	570	72	574	73	98	
899	635	207	662	900	35	902	37	881	686	661	687	901	528	36	38	
549	88	89	83	84	656	904	82	86	87	548	90	85	550	81	80	
324	237	708	239	804	242	889	240	788	241	323	138	238	805	325	236	
44	657	211	577	848	45	47	476	478	479	42	46	48	49	477	
190	204	186	393	192	191	200	201	707	193	57	199	198	189	
408	411	903	406	405	410	776	412	351	187	409	196	407	
202	203	197	696	909	188	194	837	205	736	447	206	
643	649	658	645	647	644	659	648	660	646	642	641	
353	357	358	558	125	352	897	356	354	819	
898	787	343	576	516	789	838	342	341	
512	510	508	355	509	865	513	511	507	
445	882	434	712	616	730	883	435	729	
210	50	209	53	208	52	51	54	
180	185	886	179	182	896	184	183	
625	623	627	626	629	624	621	628	
498	496	499	495	497	500	494	
793	835	456	760	3	849	
535	534	195	536	532	533	
834	440	442	441	439	443	
119	117	501	116	118	
515	527	526	514	517	
523	520	524	522	521	
676	786	770	771	677	
796	704	703	705	797	
761	231	67	68	
619	153	620	618	
276	277	669	668	
348	869	350	349	
428	429	431	430	
733	734	732	735	
346	344	347	
392	472	471	
556	638	639	
614	615	613	
636	688	637	
651	650	652	
653	727	728	
722	724	723	
753	755	754	
777	792	778	
875	876	874	
13	47	907	477	834	610	856	61	864	21	819	362	873	7	623	491	44	633	323	668	104	329	159	504	227	8	249	356	315	627	79	224	893	115	484	421	793	757	274	129	208	808	804	259	444	478	790	113	280	277	31	211	822	624	222	365	773	781	15	443	218	722	877	763	64	454	488	426	368	561	719	150	866	54	529	308	840	45	836	271	462	828	564	214	884	850	731	266	390	493	439	868	101	331	107	792	357	617	690	672	30	612	50	126	245	798	9	364	53	164	870	826	275	851	363	132	795	255	669	697	313	272	395	396	361	632	3	730	56	386	473	898	422	769	78	243	761	276	65	698	210	453	230	219	100	662	307	448	820	324	779	634	108	149	555	247	441	689	472	354	849	759	777	878	540	212	894	59	437	592	847	253	258	312	474	714	160	146	133	655	358	389	359	801	654	380	231	383	251	764	213	640	629	805	244	420	228	49	325	223	366	449	147	252	161	821	123	305	114	225	661	341	436	456	885	220	667	566	483	706	311	221	102	370	713	835	257	778	554	106	772	111	209	306	631	158	622	67	279	309	774	148	657	479	525	852	278	93	487	125	248	827	848	246	609	423	442	463	880	52	758	892	628	381	492	314	384	867	475	485	261	310	382	411	250	902	879	163	32	841	256	567	371	394	105	11	130	753	438	583	775	768	446	162	724	562	489	260	800	833	352	872	46	29	486	385	369	626	621	563	695	110	799	229	60	131	843	112	440	720	565	6	68	844	765	815	708	109	10	48	103	124	121	165	723	226	750	862	304	254	455	273	490	12	673	762	897	166	
649	636	656	191	637	84	660	86	816	206	88	904	812	653	817	535	188	87	732	409	189	647	776	116	196	199	408	728	501	641	118	55	903	83	909	534	351	183	187	57	548	447	198	202	536	652	734	348	532	119	203	549	658	412	205	193	33	696	645	194	195	82	736	550	533	190	117	735	58	405	410	407	89	406	733	34	201	81	659	646	650	85	818	185	393	727	80	180	643	651	186	648	200	
807	14	20	151	579	796	806	424	153	591	23	342	232	544	156	321	392	235	95	751	747	580	676	471	343	770	771	797	559	16	496	18	19	152	179	846	748	677	749	541	896	845	75	154	122	233	425	746	886	427	184	825	537	576	281	538	789	234	292	539	543	282	319	197	204	182	837	320	704	752	589	74	542	611	674	181	318	703	590	787	94	786	157	705	17	
145	635	66	270	457	345	600	803	77	344	397	466	36	139	528	546	601	143	900	780	269	346	76	138	402	888	403	51	494	887	140	901	459	506	35	267	399	881	495	497	707	400	350	802	398	839	890	38	498	687	599	461	207	598	891	401	460	588	899	37	134	141	142	458	192	686	908	480	347	500	135	814	813	144	560	136	
289	373	353	327	333	335	26	334	338	330	374	24	328	505	376	291	391	301	755	326	740	372	855	476	754	28	300	596	295	340	675	809	678	854	298	871	404	593	332	299	296	288	377	25	294	337	27	302	853	597	297	303	375	468	760	339	467	741	863	290	
429	413	512	510	586	172	509	175	42	72	360	513	97	865	511	710	430	578	508	618	558	709	575	791	177	96	99	694	574	43	739	556	431	688	639	293	573	128	572	71	464	557	638	415	570	355	428	414	465	127	173	174	571	73	176	507	
5	242	522	0	516	178	170	517	699	367	625	237	524	615	268	515	527	240	526	481	521	238	169	1	168	523	614	239	545	717	4	63	889	829	838	502	503	171	581	98	236	718	582	167	520	842	2	499	788	241	514	137	482	
445	883	155	616	62	336	577	874	284	22	882	434	712	875	349	794	584	435	90	283	322	619	547	876	869	585	587	120	620	262	613	644	729	642	553	
711	450	452	418	700	702	701	451	419	
681	682	737	738	
454	488	426	368	609	423	719	442	150	463	907	146	133	758	655	529	628	840	834	381	358	610	836	485	462	61	382	411	864	654	21	380	819	231	383	266	439	868	879	331	792	357	32	873	617	690	841	629	672	371	805	7	30	612	244	623	126	245	9	323	11	420	130	228	753	325	223	366	449	147	668	132	795	329	851	669	821	123	724	225	504	227	8	352	872	3	356	730	627	56	29	486	224	422	456	885	220	421	793	706	369	243	626	757	761	276	65	621	221	695	210	370	129	229	60	453	835	131	808	230	219	843	804	778	444	440	720	6	448	280	820	324	779	277	31	149	68	844	441	822	624	689	472	354	849	708	622	67	10	222	279	148	124	121	777	878	540	781	15	723	443	852	218	226	894	722	877	278	59	455	592	93	487	64	12	125	673	897	
203	407	406	649	658	34	636	647	776	412	191	205	201	193	33	196	199	408	637	696	645	659	194	660	646	816	736	641	818	55	190	206	903	909	393	351	812	817	187	57	447	198	202	58	643	405	186	410	648	188	200	409	348	189	
145	66	270	457	345	77	344	397	466	139	143	269	346	76	138	402	888	403	887	494	140	459	267	399	495	497	400	350	839	398	498	461	401	460	134	142	458	908	480	347	500	135	144	560	136	
807	20	16	589	18	579	19	542	806	591	23	538	234	674	677	292	539	318	232	543	544	590	541	321	235	319	95	233	94	580	204	676	786	770	771	825	17	320	537	
559	14	704	151	496	752	576	281	611	796	152	153	789	748	846	342	749	703	282	787	156	845	154	122	751	747	197	746	157	343	837	705	797	
107	111	474	473	315	108	555	115	892	105	314	109	311	389	475	698	103	104	102	110	697	313	214	114	212	112	554	390	847	113	213	106	312	
635	600	803	528	36	546	601	900	780	51	901	506	35	881	707	802	890	38	899	599	598	207	588	37	141	686	192	891	814	813	687	
242	516	517	699	367	237	615	268	515	527	240	526	238	614	239	545	717	63	889	829	838	502	503	581	98	236	718	582	788	241	514	
373	353	327	333	335	334	338	330	374	328	376	391	326	372	340	871	332	377	337	375	760	339	290	
5	522	0	178	170	625	524	481	521	169	1	168	523	4	171	167	520	842	2	499	137	482	
750	163	159	161	395	160	164	764	162	763	765	773	165	762	158	359	396	394	166	
50	209	44	657	211	53	45	47	478	479	208	52	848	46	48	49	477	54	
363	774	798	775	364	827	361	362	272	273	446	790	271	275	365	826	828	274	
180	651	185	535	728	534	195	536	183	650	652	653	727	532	533	
289	863	301	298	291	593	476	297	303	299	296	300	288	295	294	
425	181	424	886	179	182	427	184	471	896	75	74	392	
155	62	794	577	584	585	90	283	284	
578	575	571	71	72	574	73	
586	573	127	572	557	570	
882	883	712	616	613	729	
678	853	854	740	741	675	
22	349	336	869	587	
27	26	28	24	25	
322	262	547	120	553	
302	404	468	467	505	
293	709	618	739	
620	644	619	642	
445	434	435	
