340	327	336	545	333	335	326	871	372	334	338	330	374	375	339	328	376	377	331	337	
14	622	747	746	749	13	345	752	10	908	748	12	11	15	6	7	751	884	
750	121	132	126	9	120	129	821	123	133	131	844	130	808	820	61	695	
710	791	172	173	128	174	465	177	464	99	175	694	360	43	97	176	415	
699	578	586	127	573	572	575	71	557	96	571	587	570	72	574	73	98	
815	566	259	561	564	833	247	256	567	248	563	258	640	246	772	562	261	
56	8	59	369	719	93	370	463	757	758	60	836	65	462	367	366	
190	806	807	204	186	393	192	191	200	201	707	193	57	199	198	189	
549	88	89	83	656	904	548	81	80	84	82	86	87	90	85	550	
44	657	211	577	848	45	47	476	478	479	42	46	48	49	477	
718	580	717	63	529	141	579	890	829	812	891	503	814	813	546	
614	445	434	712	616	730	875	882	615	876	883	613	874	435	729	
504	278	444	149	449	150	279	146	448	220	280	227	843	148	
559	153	898	787	343	346	576	516	789	838	347	342	344	341	
289	292	298	593	299	296	288	291	294	301	297	300	480	295	
793	231	722	67	761	68	835	456	760	723	724	3	849	
711	425	181	424	452	418	427	720	75	74	451	419	290	
539	543	544	540	541	591	538	235	542	537	95	233	94	
411	903	406	776	412	351	187	196	408	405	410	409	348	407	
203	909	576	205	350	447	202	197	696	188	194	837	736	206	
310	308	667	304	306	893	305	867	309	817	307	816	818	
102	112	108	109	555	115	847	113	114	106	212	105	
100	850	634	437	436	633	631	880	632	101	438	
353	688	357	358	558	125	352	897	356	354	819	
147	218	224	226	222	673	672	223	225	219	221	
322	20	318	589	23	321	825	319	17	320	
635	207	35	37	881	686	687	528	36	38	
257	731	255	260	714	249	713	253	565	250	
840	706	29	31	32	654	841	655	30	
155	66	583	62	794	584	585	283	284	
281	152	151	282	157	845	846	154	122	
145	143	134	142	135	140	144	560	139	
582	270	267	268	269	266	839	502	581	
678	853	675	854	740	303	741	863	674	
512	510	508	355	509	865	513	511	507	
22	426	232	16	18	19	21	234	
210	50	209	53	208	52	51	54	
107	262	110	547	213	103	553	104	
159	161	160	773	162	158	359	166	
167	842	168	481	482	169	170	171	
180	185	886	179	182	896	184	183	
795	486	864	487	229	485	228	230	
237	239	242	889	240	241	238	236	
894	877	329	878	690	907	879	689	
862	385	483	386	856	384	484	525	
401	399	400	402	403	398	397	466	
611	599	598	600	822	803	802	601	
625	623	627	626	629	624	621	628	
124	245	243	617	64	885	244	
111	892	554	313	311	214	312	
459	461	460	457	458	137	136	
302	506	780	404	468	467	505	
416	388	607	387	417	608	606	
421	454	488	779	423	422	420	
498	496	499	495	497	500	494	
5	2	4	0	178	1	
363	364	361	362	156	365	
535	534	195	536	532	533	
609	610	597	371	612	809	
834	440	442	441	439	443	
489	491	492	866	490	493	
649	658	659	648	660	646	
651	728	652	650	653	727	
899	662	902	661	901	900	
27	391	26	28	24	25	
78	800	799	79	801	
119	117	501	116	118	
252	254	251	759	870	
272	273	271	275	274	
293	588	590	709	739	
373	391	855	332	596	
798	775	446	790	774	
474	473	697	698	475	
515	527	526	514	517	
523	520	524	522	521	
643	645	647	642	641	
676	786	770	771	677	
681	682	737	738	683	
796	704	703	705	797	
58	34	33	55	
39	40	41	721	
77	76	888	887	
163	164	765	165	
277	669	276	668	
314	389	390	315	
324	708	323	325	
382	381	383	380	
428	429	431	430	
450	700	702	701	
716	715	552	551	
592	873	868	872	
620	619	644	618	
665	666	664	784	
743	742	671	670	
733	734	732	735	
69	630	70	
215	217	216	
265	264	263	
287	285	286	
349	348	869	
368	852	851	
379	378	602	
392	472	471	
395	396	394	
453	781	455	
469	470	785	
556	638	639	
663	569	568	
604	605	603	
861	680	679	
691	693	692	
725	726	895	
744	756	745	
755	754	753	
763	762	764	
777	792	778	
826	827	828	
831	832	830	
750	121	126	9	120	821	844	123	808	820	61	
710	172	173	174	465	177	464	694	360	43	
202	203	696	909	188	194	205	736	447	206	
340	335	333	326	372	338	330	339	377	331	
336	327	545	871	334	375	374	328	376	337	
586	127	573	572	587	557	96	699	98	
747	622	749	746	345	752	908	748	751	
44	848	211	577	478	45	42	657	
578	575	71	571	570	72	574	73	
14	10	12	11	15	6	7	
8	719	93	463	836	60	65	
322	20	318	23	825	319	17	
47	479	476	46	48	49	477	
190	393	191	200	57	198	189	
791	128	99	175	97	176	415	
711	452	181	418	451	419	290	
411	903	405	410	412	351	187	
898	787	343	576	516	789	341	
793	835	456	760	3	849	
425	424	427	720	75	74	
100	850	436	633	632	438	
102	108	109	115	106	105	
112	555	847	113	114	212	
132	129	133	131	130	695	
529	141	812	814	813	546	
147	226	222	223	225	218	
408	406	776	409	196	407	
259	833	247	248	246	261	
882	883	730	712	616	729	
718	717	63	829	503	
444	149	448	220	449	
186	192	707	201	193	
224	673	672	219	221	
278	279	280	227	843	
539	543	540	235	233	
257	260	249	253	250	
815	566	563	258	772	
304	305	867	309	307	
544	541	538	542	537	
35	881	687	38	
635	37	207	686	
761	231	67	68	
897	125	688	558	
504	146	148	150	
342	153	838	559	
806	199	204	807	
561	564	256	567	
310	816	818	817	
358	354	819	357	
369	370	367	366	
462	56	59	
95	591	94	
631	634	101	
837	197	350	
320	589	321	
346	344	347	
353	356	352	
445	434	435	
549	904	550	
614	615	613	
731	713	714	
722	724	723	
875	876	874	
779	730	423	68	822	805	472	849	793	67	44	761	753	102	272	835	21	723	724	804	231	722	520	361	478	266	3	331	
714	561	247	256	567	815	566	563	261	252	255	564	562	250	257	260	259	249	251	833	253	565	248	258	640	246	772	
327	333	335	326	871	372	334	338	330	374	375	339	328	760	376	377	340	290	337	
112	706	8	149	93	160	719	463	757	836	60	12	456	856	65	758	655	560	
104	322	262	108	110	109	555	214	213	114	106	103	212	553	105	
111	411	278	444	449	219	843	150	279	146	280	227	218	148	
899	506	780	141	901	192	890	123	707	891	504	814	813	900	
750	611	14	622	747	746	749	13	345	752	908	748	751	
292	56	9	10	808	844	11	15	6	7	220	674	
190	186	393	191	200	87	201	193	57	199	198	189	
121	66	232	62	794	577	584	585	821	400	90	820	
163	544	159	161	164	773	162	765	165	158	359	166	
22	840	29	336	31	349	32	654	869	841	30	
718	545	717	791	63	516	829	838	502	503	367	
289	298	593	476	297	303	299	300	863	295	294	
445	882	434	712	616	883	613	587	435	729	642	
126	897	34	125	61	296	33	95	291	94	
180	185	886	179	182	896	184	471	392	183	
539	543	540	541	591	538	235	542	537	233	
310	308	667	304	306	893	305	867	309	307	
643	649	658	645	644	659	648	660	646	641	
5	625	2	4	0	499	137	178	1	
318	16	321	18	19	825	17	319	320	
413	414	558	128	739	175	97	176	415	
583	619	153	211	898	787	789	342	341	
523	796	704	703	524	522	705	521	797	
806	20	580	204	807	589	579	234	
210	59	764	763	762	371	462	529	
798	775	364	446	362	790	365	774	
421	454	488	455	422	453	781	420	
676	786	343	770	23	771	677	
459	461	457	460	458	76	136	
559	586	127	573	572	557	99	
314	389	115	390	847	113	315	
302	301	404	468	467	505	288	
373	353	855	597	332	596	809	
599	598	588	600	803	802	601	
635	207	37	686	687	38	
124	720	690	64	689	244	
426	425	424	427	75	74	
151	157	845	846	154	122	
145	134	142	135	140	139	
270	267	269	839	283	284	
894	877	329	878	907	879	
357	358	352	356	354	819	
368	369	370	852	366	851	
678	853	854	740	741	675	
848	45	42	43	657	
47	46	48	49	477	
614	615	96	699	98	
273	271	275	448	274	
620	293	590	709	618	
554	313	311	312	892	
647	812	817	816	818	
35	881	528	36	
155	581	268	582	
885	245	243	617	
346	344	480	347	
495	494	496	498	
887	888	77	
107	363	156	
120	547	546	
143	144	500	
281	152	282	
870	479	884	
609	610	612	
636	688	637	
902	662	661	
