14	56	13	34	151	345	719	752	463	617	844	133	885	33	7	758	244	367	281	126	152	245	622	9	381	10	243	757	836	846	748	11	65	130	462	821	61	55	366	124	121	132	382	695	749	282	370	845	120	129	60	123	154	15	122	131	380	95	808	94	751	750	58	884	747	8	59	746	383	93	157	908	64	12	6	820	
445	277	730	883	616	792	522	898	442	68	874	441	456	516	576	517	344	849	793	882	434	712	67	524	834	153	615	618	515	875	527	761	346	276	526	435	789	521	342	668	523	614	777	619	876	669	787	835	838	723	724	443	620	231	722	520	778	440	613	343	439	514	347	729	760	3	341	
559	353	413	512	510	357	586	172	509	175	513	72	360	865	97	354	511	699	710	755	578	508	358	558	791	575	177	96	99	356	754	694	753	574	43	688	573	128	572	587	71	464	557	415	570	98	355	819	414	465	127	173	174	571	125	352	897	73	176	507	
203	407	406	807	649	658	636	647	776	412	191	205	201	193	196	199	408	806	349	637	696	645	659	194	660	646	736	641	206	190	411	903	909	869	393	351	707	187	350	57	447	198	202	643	197	204	405	186	410	644	648	188	192	837	642	200	409	348	189	
373	452	327	336	333	335	690	334	338	330	374	907	328	505	689	376	391	418	326	780	372	855	451	419	596	340	181	329	506	545	878	871	404	332	377	337	711	877	894	302	375	468	879	339	467	331	290	
813	149	224	150	579	146	672	220	529	546	222	279	223	148	221	147	449	717	63	829	812	225	503	504	227	219	226	218	718	843	890	580	278	444	141	673	891	448	814	280	
145	386	457	368	26	24	77	484	139	143	385	483	856	76	384	888	28	887	140	851	459	525	25	852	862	27	461	460	134	142	458	137	135	144	560	136	
20	426	16	589	18	19	542	22	709	591	538	23	234	739	322	539	318	232	543	293	540	544	590	541	321	21	235	319	233	588	825	17	320	537	
714	561	247	769	256	567	815	566	759	870	563	261	252	255	768	564	713	562	250	257	731	254	260	259	249	251	833	253	565	248	258	640	246	772	
107	111	315	108	555	115	312	892	105	314	109	311	389	103	104	102	110	547	313	214	114	212	112	262	554	390	847	113	213	106	553	
474	454	488	779	473	609	423	422	600	822	803	371	612	601	421	611	610	475	420	698	809	697	453	781	802	599	598	455	597	
5	0	178	170	798	364	481	365	774	169	1	168	363	775	4	446	156	171	167	842	2	361	362	790	482	
306	79	866	893	78	308	667	491	492	867	309	816	801	818	310	799	305	817	489	304	800	490	493	307	
209	211	577	47	52	42	477	54	50	44	53	45	476	51	48	49	657	210	479	208	478	848	46	
289	291	301	740	300	675	295	674	678	292	854	298	593	299	296	288	294	853	297	303	741	863	480	
155	66	62	701	284	450	794	700	584	271	275	826	283	274	828	583	585	272	702	273	827	
549	735	88	89	83	733	84	656	904	734	82	86	87	548	732	90	85	550	81	80	
625	623	180	627	185	886	179	182	626	184	471	896	392	629	183	624	621	472	628	
163	159	161	395	160	164	764	162	763	765	773	165	762	158	359	396	394	166	
582	270	369	267	399	268	401	839	269	266	502	400	402	403	398	397	466	581	
899	635	207	662	900	35	902	37	881	686	661	687	901	528	36	38	
324	237	708	239	804	242	889	240	788	241	323	138	238	805	325	236	
651	535	728	534	195	536	650	652	653	727	532	533	
498	796	704	703	496	499	495	497	705	500	494	797	
634	436	631	880	100	850	437	633	632	101	438	
840	706	29	31	32	654	841	655	30	
795	486	864	487	229	485	228	230	
416	388	607	387	417	608	606	
425	424	427	720	75	74	
119	117	501	116	118	
676	786	770	771	677	
681	682	737	738	683	
39	40	41	721	
428	429	431	430	
716	715	552	551	
592	873	868	872	
665	666	664	784	
743	742	671	670	
69	630	70	
215	217	216	
265	264	263	
287	285	286	
379	378	602	
469	470	785	
556	638	639	
663	569	568	
604	605	603	
861	680	679	
691	693	692	
725	726	895	
744	756	745	
831	832	830	
559	353	357	586	175	72	97	354	699	578	358	558	791	575	96	99	574	73	688	573	128	572	587	71	557	415	570	98	819	127	571	125	352	897	356	176	
203	406	776	412	205	201	196	408	349	696	194	736	206	411	903	909	869	351	187	350	447	202	197	405	186	410	188	837	200	409	348	407	
373	327	336	333	335	690	334	338	330	374	328	689	376	391	326	372	340	329	545	878	871	332	377	337	877	375	339	331	290	
149	224	150	579	146	672	220	222	279	223	449	148	147	221	225	504	227	219	226	218	843	580	278	444	673	448	280	
56	844	133	367	126	9	130	462	366	61	695	121	132	370	120	129	821	123	131	95	808	94	750	8	59	820	
20	426	16	18	19	542	22	591	23	538	234	539	543	232	544	540	541	21	235	233	825	17	537	
549	88	89	83	84	656	904	82	86	87	548	90	85	550	81	80	
289	292	863	301	295	298	593	297	303	299	296	300	288	480	291	294	
310	308	667	304	800	799	306	893	305	867	309	817	307	816	801	818	
44	657	211	577	848	45	47	476	478	479	42	46	48	49	477	
793	882	712	730	616	883	613	835	456	729	760	3	849	
190	806	807	204	393	192	191	707	193	57	199	198	189	
153	898	787	343	346	576	516	789	838	347	342	344	341	
163	159	161	160	164	773	162	765	165	158	359	166	
643	649	658	645	647	644	659	648	660	646	642	641	
747	622	749	746	13	345	752	908	751	884	
635	207	35	37	881	686	687	528	36	38	
710	172	173	174	465	177	464	694	360	43	
421	454	488	779	455	423	422	453	781	420	
155	66	583	62	794	584	585	283	284	
718	717	63	529	141	812	814	813	546	
145	143	134	142	135	140	144	560	139	
512	510	508	355	509	865	513	511	507	
401	369	399	400	402	403	398	397	466	
14	10	748	12	11	15	6	7	
210	50	209	53	208	52	51	54	
459	461	457	460	458	76	137	136	
167	842	168	481	482	169	170	171	
180	185	886	179	182	896	184	183	
237	239	242	889	240	241	238	236	
862	385	483	386	856	384	484	525	
611	599	598	600	822	803	802	601	
625	623	627	626	629	624	621	628	
270	267	268	269	266	839	502	
302	506	780	404	468	467	505	
498	496	499	495	497	500	494	
678	853	675	854	740	741	674	
5	2	4	0	178	1	
719	93	463	836	60	65	
151	157	845	846	154	122	
363	364	361	362	156	365	
711	452	181	418	451	419	
535	534	195	536	532	533	
322	318	589	321	320	319	
834	440	442	441	439	443	
489	491	492	866	490	493	
27	26	28	24	25	
840	29	32	841	30	
272	273	271	275	274	
293	588	590	709	739	
388	607	387	608	606	
798	775	446	790	774	
474	475	473	697	698	
515	527	526	514	517	
523	520	524	522	521	
796	704	703	705	797	
33	58	34	55	
761	231	67	68	
885	245	243	617	
276	277	669	668	
390	314	315	389	
324	323	325	708	
609	610	612	371	
381	383	382	380	
700	450	702	701	
733	734	732	735	
64	124	244	
75	74	720	
887	888	77	
281	152	282	
368	852	851	
392	472	471	
396	394	395	
425	424	427	
445	434	435	
619	620	618	
651	650	652	
653	727	728	
902	662	661	
722	724	723	
753	755	754	
763	764	762	
777	792	778	
827	828	826	
876	875	874	
894	907	879	
901	899	900	
