506	404	505	780	467	468	302	
474	473	475	
280	843	448	227	279	
617	267	245	243	
590	870	588	
352	356	353	
730	729	616	
293	739	709	
238	241	240	242	236	237	239	
733	732	735	734	
785	469	470	
548	89	90	85	81	87	88	80	86	83	550	84	549	82	
200	198	199	192	193	186	393	201	189	696	57	206	
1	0	4	2	5	178	
67	231	761	68	
387	607	608	388	417	606	
132	129	131	133	695	130	
180	185	179	718	906	183	182	905	
38	687	36	35	635	207	881	37	
872	873	868	
154	157	846	151	
879	907	894	
630	69	70	
38	687	36	35	635	207	686	37	528	
343	341	153	342	
755	782	783	754	128	97	176	175	415	99	360	43	694	177	174	464	173	465	172	710	
690	529	689	
71	574	570	578	571	575	72	73	
93	65	60	
75	74	720	
476	48	46	577	47	477	478	42	45	44	657	211	848	49	479	
348	869	349	
514	515	517	
429	428	431	430	
20	825	322	319	321	589	320	318	17	23	204	
313	892	311	312	111	112	114	213	105	113	110	555	103	212	115	108	554	102	214	262	107	553	104	106	109	
303	300	292	741	675	853	678	854	674	204	740	
424	425	813	181	
756	744	745	
662	902	661	
270	266	267	269	
640	139	142	144	134	140	135	
31	706	655	
770	677	771	676	786	
286	287	285	
346	344	347	
845	154	157	846	151	
216	215	217	
11	7	6	15	373	417	814	416	
425	427	181	
682	738	681	683	737	
599	802	611	803	822	601	598	600	
698	697	33	
9	820	61	821	463	8	462	56	
602	379	378	
736	447	188	203	194	202	197	200	186	201	696	196	205	206	
891	890	546	413	
304	800	305	801	492	867	309	264	79	893	78	493	265	818	835	816	306	491	308	866	489	263	307	310	812	490	731	667	817	799	
128	97	176	175	415	99	587	96	586	98	699	
156	361	362	365	364	363	
396	394	395	841	
439	442	443	441	
619	620	618	
204	191	190	
184	886	181	
851	368	852	
796	797	705	703	704	
591	94	204	844	95	
122	154	157	846	151	
445	435	595	
228	230	485	229	
664	666	665	784	
123	120	121	
26	25	24	
586	71	574	570	578	571	575	72	486	572	573	638	559	127	98	128	97	176	175	415	99	587	153	639	557	556	
837	350	348	
411	200	186	201	696	405	406	196	407	409	410	408	205	187	412	206	351	
282	281	152	154	157	846	151	
382	381	380	383	
560	462	59	
903	580	579	
898	787	789	753	
723	722	724	
568	569	663	
700	702	701	
654	840	29	30	717	32	
268	838	502	
773	166	159	162	163	158	359	161	160	164	165	456	
558	688	357	125	819	353	352	356	358	897	128	97	176	175	415	99	
888	76	77	887	
273	274	439	275	271	272	29	
656	871	391	
40	39	721	41	
55	34	58	
454	420	455	781	488	453	422	779	421	423	
626	624	629	623	627	621	628	625	
670	671	742	743	
13	874	882	884	622	752	750	791	63	210	747	
526	515	517	
885	758	757	
862	384	385	525	484	483	857	386	858	
579	221	219	222	218	672	204	807	226	223	147	220	224	806	225	
716	552	551	715	
495	500	494	496	497	498	499	
708	323	861	324	325	
609	371	612	
748	746	751	749	
647	648	659	658	646	660	643	642	644	641	649	645	
358	125	819	357	
20	544	537	591	542	539	543	233	541	538	235	540	
62	66	584	585	
810	811	849	
397	466	399	403	402	398	400	401	
170	169	842	171	167	168	
597	877	809	
20	21	17	23	16	233	232	234	18	22	19	235	
634	633	436	850	438	632	707	437	880	100	101	631	
653	651	652	650	
544	765	163	164	165	
647	648	658	646	660	643	642	644	641	645	
303	300	288	301	593	298	480	295	296	289	291	299	292	297	294	
283	284	62	66	584	585	
471	472	392	
315	390	389	
25	27	24	
136	142	144	143	137	140	145	
536	532	535	533	534	195	
280	583	448	227	279	449	278	444	150	504	146	148	219	218	147	220	225	541	149	
511	513	510	512	507	355	508	865	
440	834	3	
180	185	179	718	906	183	182	
525	484	483	857	386	
792	777	778	
116	117	118	501	119	
830	832	831	680	679	
826	595	828	827	
280	583	448	227	279	426	444	150	504	146	219	218	147	220	225	541	149	
605	604	603	
876	547	875	793	576	764	856	908	345	
244	64	124	
327	878	331	375	334	335	330	332	376	336	329	290	372	377	340	374	337	326	328	339	338	333	
527	515	517	
669	277	276	668	
53	52	209	208	54	50	211	51	
522	520	523	521	524	
795	864	487	
842	482	481	
615	614	613	
691	693	692	
895	726	725	
128	97	176	175	415	99	360	43	694	177	174	464	173	465	172	710	
451	760	419	711	418	452	
712	729	616	
775	798	774	
461	458	457	460	459	
251	714	562	833	713	254	261	567	815	260	250	253	246	564	247	259	566	248	561	772	258	252	249	255	256	563	257	594	565	
585	155	283	284	
889	25	28	
