62	486	211	1096	18	74	783	77	178	78	840	958	179	23	538	96	11	754	485	982	43	550	61	118	132	210	506	117	1137	282	869	773	162	453	812	187	95	974	212	218	38	917	197	676	264	70	186	251	499	375	847	448	
549	429	792	684	1072	692	996	133	885	1034	30	919	920	566	430	491	615	314	45	836	748	521	342	169	674	1069	363	678	1059	1127	1033	69	131	395	548	802	679	25	98	1054	747	440	439	732	1039	642	1005	315	
353	39	512	496	0	32	79	423	456	52	42	33	513	622	10	757	387	222	276	417	990	28	275	420	1	168	148	252	181	318	539	540	313	392	225	226	58	520	59	249	157	174	297	825	248	46	246	
454	406	969	873	422	624	139	421	601	710	796	998	706	527	855	526	228	310	416	681	909	1068	573	924	129	229	781	415	751	877	180	302	455	37	134	427	763	303	782	467	
66	733	31	333	577	1065	516	158	477	408	529	67	9	578	109	591	759	660	130	51	739	206	63	845	393	75	60	332	400	861	355	582	8	265	444	478	266	640	
445	586	880	689	1141	354	36	143	126	666	794	568	913	177	494	901	325	818	261	285	878	881	319	100	167	960	414	142	648	64	771	125	320	101	814	331	687	
373	20	209	29	368	242	26	115	374	1023	7	196	1056	1118	923	40	243	195	86	85	221	948	949	1032	154	6	227	852	498	899	207	401	1002	135	
1048	89	436	561	306	892	515	240	650	90	977	317	185	464	843	1117	891	1130	853	842	1073	465	184	1044	468	514	137	848	136	
559	779	357	151	116	608	371	685	358	1040	728	372	41	574	103	104	639	766	208	21	502	263	720	597	571	500	258	560	
820	270	505	72	472	291	394	105	882	269	1051	475	995	675	449	991	292	749	71	305	671	504	428	702	348	606	106	
119	149	656	1135	860	170	699	385	418	492	940	934	384	309	402	403	419	951	161	128	120	557	165	171	886	127	613	
111	649	224	47	1076	932	542	244	524	1086	48	223	683	657	523	110	541	235	638	839	236	1115	1104	863	507	
335	68	769	672	201	1150	546	44	558	945	1112	1136	547	768	876	114	378	233	250	778	410	673	409	
203	452	631	701	245	831	508	279	462	1146	340	411	1145	83	654	593	321	497	785	786	830	827	551	
469	470	670	930	610	268	761	138	1006	715	801	88	871	370	838	1144	230	204	607	737	87	762	872	
1025	714	172	1066	205	330	629	630	906	424	584	736	283	585	1001	525	257	662	1042	259	173	916	
616	898	589	617	576	1016	1108	793	450	1022	1027	575	668	809	1152	735	1151	1081	1074	1021	897	407	
382	663	894	386	286	775	298	929	698	247	661	287	194	19	334	390	193	532	73	828	
324	965	237	27	457	696	700	1067	458	1111	343	822	705	296	926	928	359	612	356	295	
107	1029	434	688	108	967	1101	947	572	905	994	904	935	734	1036	1037	976	953	341	80	
102	903	152	304	937	968	153	383	564	745	978	764	765	234	565	966	832	933	533	819	
322	413	721	262	1063	697	1038	412	299	200	380	725	570	729	867	1000	677	367	366	166	
643	391	667	981	327	369	13	522	1046	1087	946	716	738	482	509	811	1133	344	810	
651	583	569	267	975	752	941	726	1064	956	1140	1148	837	82	24	1126	97	219	81	
202	124	611	918	619	658	784	1095	645	889	626	644	659	788	817	503	360	890	628	
1055	231	431	459	1116	460	432	588	717	833	1085	84	579	587	338	844	339	443	
1128	1077	634	535	665	858	1124	35	34	984	931	770	534	1089	879	1031	655	
750	850	598	755	483	875	349	545	364	950	519	859	531	816	274	290	851	
1053	1125	1080	756	854	740	54	1007	1088	835	846	567	217	741	971	55	
190	664	150	767	214	351	829	94	91	554	93	323	365	694	438	280	
625	731	708	544	336	997	955	682	707	993	1075	989	376	377	312	337	
112	121	215	159	160	216	404	471	487	536	122	537	397	528	595	
147	711	780	1014	192	1100	856	191	146	1049	753	563	466	562	284	
1070	1110	1058	1090	1132	690	1061	1131	691	954	1035	1109	602	1078	
22	942	1082	1142	959	970	1013	1043	1052	787	604	653	379	
635	489	56	637	636	893	490	435	481	724	912	57	813	
1015	703	857	592	791	199	141	328	1030	65	140	198	727	
704	1084	182	943	1097	352	213	552	1143	962	92	511	900	
599	329	1129	669	719	866	241	790	99	1105	1060	772	957	
289	824	53	908	925	841	985	1093	742	823	288	695	
255	308	301	1103	1114	647	896	479	256	300	307	1122	
862	556	1045	1119	510	1012	921	555	1062	821	1024	1099	
623	795	232	1139	2	1147	709	686	1138	1026	350	
50	388	254	834	594	446	253	680	1079	447	914	
543	746	437	260	884	389	311	907	76	870	849	
144	145	614	936	939	396	405	381	113	621	596	
1019	911	910	1018	952	1009	983	1017	961	3	
722	155	580	730	800	590	799	776	156	581	
938	807	986	293	922	1121	868	803	294	804	
815	239	163	164	463	271	238	826	220	
1050	425	744	693	345	743	600	476	895	
426	609	361	346	501	1083	347	605	808	
518	1057	362	874	451	915	723	517	1091	
883	798	442	988	441	12	123	797	
620	718	16	530	493	927	1028	972	
1094	1098	902	326	272	273	652	603	
5	4	987	17	760	963	618	
281	1010	1107	1071	495	183	1134	
488	14	973	15	484	480	
277	278	1041	1123	641	1020	
474	1003	473	888	887	1004	
189	1011	433	188	553	
461	316	1092	999	1047	
712	777	713	398	944	
627	399	964	774	758	
789	49	992	
646	1102	1149	
806	805	1106	
1120	1008	1113	
62	211	18	74	783	178	179	538	11	754	118	210	506	117	282	869	162	812	187	95	218	212	38	197	676	264	186	251	499	
353	512	0	79	423	33	42	513	622	10	387	222	275	168	148	252	318	392	226	58	248	46	246	
486	1096	77	78	840	958	23	96	485	982	43	550	61	132	1137	448	773	453	917	70	375	847	974	
100	285	143	167	666	414	794	878	960	913	177	771	319	320	101	689	494	325	818	687	
408	8	265	578	31	333	355	109	529	577	393	591	845	60	332	158	130	739	206	
39	181	225	59	520	539	540	496	157	174	757	276	456	417	825	990	28	1	
445	126	568	586	142	881	354	648	64	880	125	1141	901	814	331	36	261	
582	66	67	9	733	63	759	478	266	75	516	660	400	51	640	477	
559	779	357	151	720	372	41	728	571	21	116	502	574	263	103	
310	416	454	706	909	1068	37	427	573	924	303	781	782	467	998	
107	434	688	108	967	1101	947	572	994	935	734	1037	953	341	1029	
373	899	209	368	1002	195	374	86	6	196	85	227	1118	
498	20	207	40	29	242	1032	26	243	115	154	7	221	
710	877	302	969	455	134	855	422	129	624	228	751	601	
382	386	247	661	287	194	19	334	390	193	532	73	
549	1059	1127	1005	615	692	748	802	548	679	30	315	
421	796	180	406	681	527	873	763	229	526	415	139	
257	424	662	714	259	172	585	205	629	736	283	906	
411	245	1145	508	321	830	279	497	631	701	551	340	
750	598	755	483	349	545	519	859	531	816	274	290	
491	440	45	836	996	642	133	732	395	169	885	
940	127	613	120	656	1135	384	309	419	860	171	
322	413	262	412	299	380	867	725	570	367	366	
27	457	1067	458	1111	343	822	926	359	356	
649	224	541	47	638	542	839	48	223	507	
778	547	68	546	201	1150	114	1112	233	250	
882	292	394	671	995	1051	675	291	449	105	
1025	1042	584	173	1066	630	330	1001	916	525	
1055	231	431	459	432	833	1085	579	844	339	
324	965	237	696	700	705	296	928	612	295	
853	561	465	515	240	468	514	977	892	1117	
363	678	566	430	1069	684	131	342	25	
429	1054	792	1033	1072	439	1039	1034	98	
639	766	358	208	500	608	371	685	104	
112	121	160	404	471	122	537	397	528	
891	1048	317	185	306	184	137	848	136	
697	1038	200	729	1000	1063	721	677	166	
308	255	301	1103	647	896	479	256	307	
1136	876	410	558	673	672	409	945	378	
428	702	269	71	305	348	72	606	
111	110	657	932	235	1115	244	236	
119	385	886	418	492	557	165	403	
161	149	934	128	402	170	699	951	
948	923	949	401	1023	135	1056	852	
182	1097	352	1084	552	1143	943	900	
304	937	564	234	565	832	533	819	
894	286	775	298	929	698	663	828	
667	391	327	522	738	482	509	1046	
22	959	970	1013	787	653	379	
747	920	314	69	919	521	674	
89	842	1073	1044	464	650	843	
204	670	268	370	138	762	230	
1014	192	191	146	563	466	562	
1080	756	835	846	567	217	1007	
625	731	708	336	707	1075	989	
658	889	626	659	788	360	784	
489	637	893	490	724	912	813	
523	524	1086	1076	1104	863	683	
249	32	313	297	52	420	
1125	854	1088	54	971	55	
88	607	761	1006	87	715	
102	968	978	745	966	933	
991	749	270	505	504	106	
215	159	216	487	536	595	
203	452	831	786	827	785	
437	260	884	389	907	849	
289	925	742	823	288	695	
938	807	293	922	868	803	
544	997	955	682	993	337	
589	575	617	576	1016	407	
619	1095	645	644	503	628	
535	858	984	931	534	879	
730	580	800	590	799	581	
942	1082	1142	1043	1052	604	
793	616	1081	898	1021	897	
1128	634	665	1124	1089	655	
795	232	1139	2	709	
1064	752	956	24	97	
1077	35	34	770	1031	
543	746	311	76	870	
905	1036	904	976	80	
569	267	82	219	81	
83	654	593	462	1146	
704	213	962	92	511	
711	780	856	753	284	
850	875	950	364	851	
1116	460	717	588	443	
450	1152	1074	1108	735	
469	470	871	610	801	
862	921	555	821	1024	
583	1140	1148	941	1126	
1070	1090	1061	602	1078	
643	946	716	811	810	
1151	1027	1022	668	809	
737	838	1144	872	930	
1018	3	1017	961	
13	1133	344	1087	
44	768	335	769	
841	1093	53	908	
857	199	198	65	
669	329	99	772	
124	611	918	817	
722	155	776	156	
258	1040	560	597	
1012	556	1119	510	
975	837	651	726	
1035	1131	954	1058	
57	636	56	
338	587	84	
90	1130	436	
140	703	727	
592	1015	141	
147	1100	1049	
153	383	152	
241	599	790	
1122	1114	300	
376	377	312	
791	1030	328	
1147	1026	350	
635	435	481	
444	861	1065	
472	820	475	
1138	623	686	
691	1132	690	
719	957	866	
741	1053	740	
903	765	764	
911	910	952	
1009	1019	983	
1045	1099	1062	
1105	1060	1129	
1147	873	1138	19	973	689	985	72	220	30	1105	105	840	1129	349	44	1114	633	558	645	947	990	300	169	130	494	1112	828	274	739	1069	382	132	1059	239	1136	1127	669	1067	519	787	71	392	464	165	131	935	395	802	378	288	741	1037	1060	80	262	278	830	390	790	673	320	514	632	642	732	348	606	734	772	
353	39	512	386	496	32	79	334	456	52	193	42	513	10	387	194	222	276	417	275	420	1	168	148	252	181	318	539	286	688	540	298	313	287	225	246	226	218	58	520	249	499	157	174	661	720	297	825	248	46	532	73	
107	111	470	649	108	1097	1101	47	822	932	328	199	919	244	1019	798	618	791	323	966	65	694	901	48	140	1122	223	657	102	518	703	572	738	235	839	1084	808	236	598	460	1043	702	341	290	
1055	616	316	898	1066	631	542	803	552	1028	1056	670	50	1027	524	834	1086	999	995	809	411	523	541	1047	852	643	1151	1104	1064	952	897	1051	
454	1120	24	1113	466	152	950	846	856	234	55	911	910	564	869	1088	587	781	1004	202	1125	1008	588	1021	1030	782	762	467	6	
145	160	150	939	397	528	595	381	1143	596	614	121	159	936	216	404	122	953	396	112	215	405	182	471	487	113	536	537	
119	1077	1085	1023	472	97	179	968	709	789	748	736	49	285	232	1139	817	1018	2	37	253	1017	144	687	
452	714	1140	486	172	885	699	906	900	584	1126	818	725	366	583	585	453	351	662	1042	259	1148	941	3	
211	577	1096	158	385	245	958	578	109	96	677	61	363	678	1068	854	654	1063	355	1045	428	302	303	448	
66	733	477	67	9	492	759	591	660	753	51	63	393	75	400	582	8	607	478	956	266	1121	640	
368	18	1100	74	783	178	566	76	11	485	118	147	210	506	1012	1137	282	896	162	503	38	70	530	
635	56	436	561	636	893	912	450	637	45	435	481	1152	433	724	57	1130	425	489	440	490	813	
324	336	658	682	765	993	965	237	708	659	402	295	784	903	707	296	890	198	337	731	764	1075	
16	457	628	126	757	359	43	717	812	718	27	59	554	458	1111	343	188	994	705	926	356	
1058	756	690	691	567	54	710	1110	740	1132	1131	954	1109	943	1078	835	217	98	1053	1039	1035	
5	292	747	749	918	675	920	314	306	463	375	69	671	521	475	982	820	674	832	394	
416	711	414	970	909	13	1142	872	889	427	626	836	924	12	928	379	974	683	553	998	
498	373	14	207	40	948	29	949	242	1032	26	243	195	154	374	135	7	85	221	
203	322	824	634	665	1124	831	1145	508	1044	23	279	497	701	1089	827	551	227	139	
474	755	161	418	700	940	934	613	713	115	120	557	384	419	33	170	171	219	951	
429	623	543	544	83	681	110	746	134	719	804	997	84	311	133	1115	376	312	601	
559	676	260	975	333	377	1052	644	1072	17	565	760	371	870	963	103	987	104	
391	706	639	327	1046	522	326	931	272	273	648	123	299	86	482	652	816	484	
549	622	686	354	692	214	571	604	380	867	350	880	548	904	1026	976	367	695	
986	483	937	569	267	586	780	1014	192	412	191	146	82	629	1049	563	81	
891	1048	317	853	265	465	515	184	240	241	468	137	848	90	977	892	1117	
620	651	430	254	857	117	1011	621	726	786	996	837	183	365	409	114	785	
722	155	580	730	1022	800	590	799	647	776	156	1009	983	509	581	972	819	
277	388	437	35	594	881	1092	446	389	884	841	907	908	1093	849	
778	547	568	247	68	538	546	507	201	1150	280	233	843	562	250	
1128	78	807	469	1079	922	129	576	992	727	930	801	668	533	851	
204	224	370	617	761	847	138	838	87	624	715	1006	863	230	294	
942	510	91	93	173	600	495	1135	330	439	829	352	962	916	511	
190	281	704	959	1071	4	149	664	1107	767	1134	213	438	94	
488	779	1103	151	358	479	685	208	116	15	480	638	307	263	
22	991	1094	1098	902	752	603	946	451	505	504	106	810	36	
100	167	666	960	794	696	913	142	261	64	319	101	325	166	
938	1080	766	858	153	984	372	770	905	1076	516	99	868	1007	
917	413	426	143	599	795	615	610	871	346	1083	860	1031	814	
421	180	406	357	978	415	527	763	229	526	500	175	176	407	
20	667	545	768	335	745	573	773	1074	769	60	531	933	
289	1025	255	461	53	925	309	823	981	462	612	25	189	
231	431	459	270	293	432	833	579	844	338	339	291	449	
882	894	1057	874	205	723	1001	228	525	1091	1118	
1041	251	653	187	28	1123	95	641	212	1020	
408	850	308	301	444	788	256	1108	735	206	
329	1003	455	855	1065	915	927	888	887	751	
1015	197	473	264	62	592	186	967	340	
1010	369	775	929	141	845	866	1062	957	
793	304	491	1081	876	410	493	945	797	
609	737	501	332	754	347	1144	679	529	
712	627	777	399	964	774	398	758	944	
445	185	842	269	305	861	663	331	
310	697	1038	200	729	1000	698	721	
257	806	1040	805	258	1106	550	1095	
611	1070	1090	1102	1149	1061	646	602	
1050	744	693	743	476	630	284	
862	556	1119	921	555	821	1024	
34	593	742	680	1146	447	
923	875	401	364	177	125	
815	163	164	271	238	826	
423	684	656	403	1005	315	
796	877	434	969	362	517	
883	442	988	441	534	771	
728	597	41	21	560	
345	128	1036	92	895	
535	886	575	283	136	
1133	1087	383	196	344	
955	716	672	608	811	
1054	792	1033	1034	971	
750	88	0	859	
625	89	650	989	
502	124	574	268	
443	1116	127	422	
878	209	619	914	
570	1082	879	321	
31	1099	77	
342	361	605	
360	655	424	
1013	899	961	
