39	423	1096	783	52	42	434	840	23	485	1	828	61	382	1137	392	904	812	95	676	530	251	499	663	16	62	496	0	32	18	19	179	96	11	417	754	275	420	982	118	252	286	313	162	187	225	38	520	70	249	174	661	825	46	532	73	512	386	486	79	1101	456	193	33	178	78	958	967	757	387	194	276	990	698	168	550	210	539	688	506	117	282	869	572	287	453	976	58	197	264	448	974	353	108	211	247	334	74	77	513	622	10	222	76	28	43	148	181	318	540	298	1036	212	218	80	226	894	59	592	186	157	905	297	994	248	246	
559	373	779	20	209	29	357	242	151	368	26	115	374	116	608	371	685	7	196	628	126	40	358	1040	243	372	41	728	195	86	574	85	103	104	221	948	949	639	766	1032	208	21	154	6	502	227	263	1095	498	899	207	720	597	648	64	571	500	135	258	560	
549	429	522	684	692	996	885	72	30	919	772	920	245	566	491	314	45	836	947	234	966	521	475	169	342	130	832	674	340	1069	363	678	1059	329	1127	669	564	1067	71	464	69	985	131	1037	395	802	747	440	830	390	790	565	732	642	348	1005	341	315	
111	336	470	649	224	47	1076	932	983	624	542	328	1046	199	670	244	1019	391	696	610	268	791	761	138	1006	65	715	48	140	223	657	102	88	703	857	110	871	541	370	738	235	638	838	839	1144	230	198	236	204	607	1009	737	1030	87	762	872	863	507	
714	1100	146	191	205	630	284	906	424	856	82	1126	563	736	267	219	257	711	662	1042	259	1148	1014	1025	1140	586	172	330	629	1049	360	466	81	972	584	780	753	283	147	583	585	525	562	569	941	173	192	916	
454	406	873	422	139	421	601	796	998	706	527	855	526	927	228	533	683	310	416	681	909	1068	573	924	129	229	781	415	679	727	751	180	302	455	134	427	763	303	782	467	
66	733	31	333	1065	516	158	1108	477	408	529	67	9	578	109	591	759	660	51	739	206	63	845	393	75	60	332	400	861	735	355	582	8	265	444	478	266	640	
1077	34	1066	860	1028	655	1056	524	858	615	968	1086	1114	931	84	300	1122	1146	523	132	795	83	35	984	889	654	593	1031	1047	852	599	535	1064	770	879	1104	
820	270	579	844	338	505	291	394	105	882	269	1051	995	675	449	991	292	431	459	749	1116	293	717	587	671	504	443	231	460	432	588	833	339	106	
5	704	1010	1071	150	767	92	511	987	281	323	365	694	438	962	190	4	664	495	214	351	829	183	1084	94	91	554	93	17	760	213	280	618	
145	1097	160	939	397	528	595	900	381	1143	621	596	943	614	121	159	936	216	404	122	953	396	112	215	405	182	471	487	113	536	537	144	
445	880	689	354	143	666	794	568	913	177	748	494	325	818	261	285	878	881	319	100	620	167	960	414	142	125	320	101	814	331	687	
1048	89	306	892	515	240	650	90	977	317	185	305	843	1117	891	428	853	842	1073	465	702	184	1044	241	468	514	137	848	606	136	
1058	756	690	691	567	1007	54	710	1110	740	1132	846	1131	954	1109	971	1078	55	1080	854	1088	835	217	1053	1125	1039	741	1035	
119	316	149	656	552	170	385	418	492	940	934	384	309	402	403	419	951	161	128	120	557	165	171	461	886	127	613	
327	68	672	201	699	1150	546	44	558	538	945	1112	1136	547	876	114	378	233	250	778	410	12	673	482	409	
289	658	841	24	611	53	575	626	659	462	784	695	124	824	918	1093	817	25	1092	908	925	788	742	823	
1128	634	616	898	617	576	1016	793	450	665	1022	1027	668	809	1152	1151	1124	1081	1021	897	407	
324	457	822	296	928	612	718	965	237	27	667	700	458	1111	343	705	926	359	356	295	
232	1139	1147	752	1085	1026	350	1141	548	97	36	2	902	37	709	999	956	493	901	
862	556	1045	1094	1098	1119	510	1012	921	326	555	603	272	273	821	652	1024	98	
750	850	923	755	483	875	401	545	364	950	519	859	531	816	274	290	851	
635	56	436	561	636	893	724	912	57	1130	489	637	490	435	481	813	
322	203	411	452	1145	321	497	631	701	785	831	508	786	279	827	551	
731	708	544	997	955	682	707	133	993	1075	989	376	377	312	337	
152	369	153	383	719	775	141	929	866	1062	935	1099	981	957	
155	730	590	799	589	776	156	509	581	819	722	580	800	1089	
903	623	598	619	349	645	644	686	764	1138	765	1115	503	288	
388	446	680	447	914	50	254	834	594	789	253	49	553	
937	978	773	123	472	933	304	798	1043	745	1074	797	
1055	643	1015	1087	1133	13	946	716	811	344	810	
942	1142	970	1013	787	653	379	22	1082	959	604	
239	163	463	220	815	633	164	632	271	238	826	
543	907	884	992	849	746	437	260	389	311	870	
577	697	1038	200	729	1000	1063	721	677	166	
413	262	412	380	299	867	725	570	367	366	
625	426	609	361	346	501	1083	347	605	808	
712	627	777	399	713	964	774	398	758	944	
308	255	301	1103	647	896	479	256	307	
1054	651	430	792	975	726	1033	837	1034	
911	910	1018	952	1017	961	1023	3	
938	807	986	922	99	868	803	804	
1050	425	744	693	345	743	476	895	
1129	1072	600	1135	439	352	1105	1060	
518	877	969	362	451	915	517	
1070	1090	1102	1149	1061	646	602	
488	14	973	15	484	480	
277	278	1041	1123	641	1020	
883	442	988	441	534	771	
474	1003	473	888	887	1004	
107	1121	847	294	
1011	433	188	189	
469	1079	801	930	
874	723	1057	1091	
769	768	335	
734	963	1052	
806	805	1106	
1120	1008	1113	
549	429	684	692	996	885	30	772	245	566	491	45	836	947	234	966	169	342	130	340	1069	363	678	1059	329	1127	669	564	1067	464	985	131	395	802	440	830	565	732	642	1005	341	315	
559	779	357	151	116	608	371	685	126	358	728	372	41	574	103	104	639	766	208	21	502	263	720	648	64	571	500	560	
373	20	209	29	368	242	26	115	374	7	196	40	243	195	86	85	221	948	949	1032	154	6	227	498	899	207	135	
454	406	873	422	601	421	139	796	527	526	228	533	681	129	229	781	415	751	727	180	302	455	134	763	303	782	
111	336	649	932	328	1046	199	244	391	696	791	65	140	657	102	703	857	110	738	235	198	236	1030	863	
470	624	670	610	268	761	138	1006	715	88	871	370	838	1144	230	204	607	737	87	762	872	
991	882	292	749	820	675	270	269	1051	671	505	504	995	106	449	291	394	105	
891	428	317	1048	853	185	306	702	184	305	514	137	848	90	977	892	136	
1053	1125	1080	756	854	740	54	1007	1088	835	846	567	217	741	971	55	
231	431	459	1116	460	293	432	588	717	833	587	579	844	338	339	443	
78	958	486	23	1096	453	974	96	1036	77	448	43	61	
793	450	1151	1022	616	1027	1152	1081	898	1021	897	668	809	
1146	132	795	83	1114	654	593	84	879	300	1122	655	
710	1110	1058	1132	690	1131	691	1039	954	1035	1109	1078	
289	824	53	575	925	742	24	823	462	25	
224	541	47	1076	638	542	839	48	223	507	
750	755	483	545	519	859	531	816	274	290	
623	598	619	349	645	644	686	1138	503	288	
310	416	909	1068	573	427	924	467	683	998	
523	524	1086	1064	1066	1028	1104	1056	1047	852	
747	920	314	69	919	521	832	674	
522	71	390	790	1037	348	475	72	
1077	968	35	34	889	770	1031	
89	842	1073	1044	650	606	843	
124	611	658	626	659	788	784	
697	1038	200	729	1000	721	166	
1094	1098	326	272	273	652	603	
731	708	682	707	1075	989	337	
850	923	875	401	950	364	851	
1055	643	1015	946	716	811	810	
465	515	240	241	468	1117	
862	1045	921	555	821	1024	
556	1119	510	1012	98	
1040	628	597	258	1095	
775	929	866	935	957	
13	1133	344	1087	
377	376	133	312	
153	383	719	152	
576	1016	407	617	
984	535	931	858	
955	993	544	997	
1128	1124	634	665	
679	927	706	855	
903	765	764	1115	
841	1092	1093	908	
369	141	981	
1130	435	436	
577	1063	677	
615	599	860	
918	817	695	
1009	1019	983	
635	39	1100	783	42	529	591	1	340	206	382	411	1127	1067	63	433	654	593	321	392	850	265	499	830	732	409	1015	62	496	577	32	873	18	19	30	105	139	408	349	9	44	578	96	417	481	275	51	130	420	1069	739	147	252	286	775	854	313	162	75	332	724	114	225	378	679	38	582	489	520	8	853	249	661	825	734	1005	73	512	386	79	692	1138	456	912	193	421	78	967	757	311	387	194	538	990	403	168	1145	506	282	400	131	58	197	264	444	410	720	1121	514	741	551	1099	353	31	1147	247	334	74	631	158	513	291	558	109	10	759	222	76	169	1146	148	1059	181	318	540	298	787	218	226	80	355	59	157	642	246	
20	649	509	860	628	794	700	515	342	359	816	140	614	948	946	235	296	503	171	262	1041	251	101	605	135	16	242	522	716	1046	244	245	508	177	501	870	325	641	909	896	154	187	379	233	198	361	1111	1115	46	356	290	29	1028	1056	484	919	965	237	667	369	696	326	243	563	295	545	799	1032	287	738	928	808	100	599	27	167	207	554	482	324	111	327	211	26	1049	328	689	391	1123	494	85	283	784	212	727	236	1095	643	960	401	648	192	705	347	166	
107	145	883	704	108	149	537	1097	47	150	767	939	822	1101	552	1150	92	528	595	900	281	1019	798	381	618	947	323	365	621	694	1143	48	438	596	190	518	949	159	4	664	936	585	216	404	572	935	351	829	183	122	1036	1037	1084	953	396	94	215	460	182	959	471	487	994	113	536	352	213	811	144	341	
289	1025	1077	627	658	34	224	647	256	655	972	308	301	706	1114	53	626	309	300	402	753	961	255	824	717	560	889	156	557	985	653	1031	288	718	580	800	189	478	770	188	925	1089	879	823	827	553	
445	277	1094	151	586	880	907	116	505	354	36	143	126	666	875	358	568	728	41	389	261	104	881	21	319	15	263	676	414	260	437	142	458	686	597	64	771	125	926	814	810	331	
368	1140	68	115	1096	146	201	178	199	81	11	82	1126	485	550	61	118	210	285	583	703	986	117	1137	726	95	219	884	620	917	651	662	70	530	569	613	493	837	320	872	448	
5	306	72	882	920	1027	314	268	269	521	982	674	675	292	71	69	165	305	861	502	250	428	1130	747	1151	886	743	241	375	390	790	348	606	820	136	
969	895	831	594	761	856	234	832	533	911	688	232	910	857	590	937	1068	446	1004	785	957	819	644	174	786	6	
316	670	50	524	1086	645	999	995	223	683	523	878	393	839	1047	230	914	1104	956	1021	897	863	1051	
488	66	473	898	973	612	930	815	152	950	1011	240	754	971	845	638	1144	933	592	141	737	480	
750	899	88	598	795	840	1139	2	1013	0	519	120	656	859	1122	531	736	274	315	
322	963	539	1082	639	615	1072	571	987	500	380	17	86	371	570	472	760	802	725	
22	1128	807	892	293	153	922	752	780	924	129	266	851	451	868	803	581	668	294	
625	903	89	426	708	544	336	746	997	764	682	229	765	707	932	993	1075	989	337	
1136	1125	1080	756	564	54	740	874	835	846	630	673	567	24	1030	1091	55	
363	450	749	938	430	543	1152	681	333	440	427	372	45	422	490	1074	25	
257	434	424	267	259	1040	745	362	412	812	663	805	228	1112	828	258	
1050	425	744	56	204	345	160	128	272	273	600	893	12	205	652	
119	1133	1087	457	344	343	617	773	789	138	715	49	377	992	
329	1129	768	669	91	905	1065	769	99	1007	1105	1060	772	
710	1053	1110	405	1058	1090	93	954	1035	1109	943	98	1078	
310	132	970	697	929	1000	885	721	200	698	43	366	
1003	455	636	659	463	650	888	887	57	360	813	394	
958	179	432	1148	709	941	1064	788	817	397	97	687	
239	842	491	633	465	702	476	464	632	671	723	685	
942	1116	766	1042	173	1066	330	217	443	3	916	
413	469	470	609	610	871	1073	370	87	1141	801	
1048	317	185	436	848	184	435	137	891	90	977	
454	254	834	335	684	573	781	782	762	981	1079	
556	1119	510	1132	690	495	1131	691	439	1039	511	
121	110	134	607	908	453	849	640	312	804	
1055	535	858	984	833	931	534	191	1108	735	
385	14	406	180	357	1038	729	962	407	
1033	23	279	701	516	867	1076	1034	227	
549	1052	441	303	604	748	28	548	367	
474	498	278	483	161	364	384	33	1020	
779	231	730	1103	35	1085	479	208	307	
416	711	1142	778	588	1014	52	449	998	
486	584	127	713	60	419	818	699	951	
461	431	918	83	186	1092	660	475	462	
373	383	374	195	542	1002	196	852	1029	
796	877	302	955	763	526	672	608	415	
894	719	855	927	1001	525	376	466	1118	
547	869	507	7	280	843	562	546	
1057	1043	423	915	565	65	517	751	
611	714	1149	1061	646	77	574	447	
976	622	214	904	1026	350	106	695	
124	442	952	988	123	1083	680	657	
722	155	1022	616	809	541	346	221	
693	978	527	297	175	170	176	284	
623	452	731	906	418	172	866	601	
991	459	270	579	844	338	339	504	
793	634	304	665	1081	876	791	497	
559	678	1008	975	1120	1063	1113	677	
388	1124	13	776	629	838	1006	
202	203	37	1044	253	467	890	
429	1054	792	637	299	248	532	
102	40	968	996	966	901	
67	733	492	847	624	477	
163	164	271	238	826	220	
209	712	619	399	934	1023	
777	964	774	398	758	944	
1098	1070	1102	902	602	603	
923	913	841	1093	742	797	
112	575	589	576	1016	
836	133	395	945	974	
755	1018	1009	983	1017	
1088	587	84	103	
276	566	1012	
468	561	1117	
1045	1010	1062	
1107	1071	1134	
353	39	512	1015	386	62	496	32	79	247	18	334	19	74	456	783	1100	193	42	513	78	967	10	757	538	387	194	222	96	417	990	275	420	1	168	148	147	382	252	181	318	286	506	540	775	298	282	313	162	392	225	246	218	226	80	38	58	520	197	59	264	249	499	157	720	661	825	73	
31	1147	158	529	408	9	578	109	591	759	311	51	1069	739	206	63	654	75	332	400	131	355	850	582	8	265	444	1121	734	1099	
577	873	1138	631	30	291	105	421	139	558	76	169	130	1146	340	411	1059	1145	1127	854	1067	593	321	853	830	514	732	642	741	551	
883	704	149	150	767	552	92	900	281	323	365	694	438	190	4	664	585	351	829	183	94	959	352	213	
107	108	1097	1101	47	822	1150	1019	798	947	48	518	949	572	935	1036	1037	1084	341	953	460	994	811	618	
145	939	528	595	381	1143	621	596	159	936	216	404	122	396	215	182	471	487	113	536	537	144	
327	522	716	509	1046	484	667	245	391	508	326	515	816	614	799	738	379	171	643	648	482	
111	27	649	909	1115	554	1111	235	244	328	359	140	919	198	727	236	
523	50	316	524	878	1086	1104	645	999	1021	897	863	1047	230	683	914	
289	718	1025	824	580	627	800	717	53	626	156	925	985	823	288	972	
428	292	882	743	269	71	241	305	165	348	390	790	861	72	606	675	
625	89	426	708	544	336	746	997	682	932	707	993	1075	989	337	
20	207	948	29	401	242	1032	26	243	154	870	135	1056	85	
911	957	1004	910	232	644	446	856	234	832	6	533	895	
322	1082	639	615	1072	571	500	380	86	371	570	472	725	
100	167	960	794	369	696	177	101	689	860	494	325	166	
599	641	545	1041	211	251	187	1123	503	233	212	290	
5	747	920	314	375	69	521	982	820	674	250	
324	965	237	700	946	705	296	928	356	295	
750	899	88	598	0	519	859	531	274	
1125	1080	756	740	54	835	846	567	55	
795	1139	2	1013	656	120	736	315	
1050	425	744	345	160	128	600	12	
434	745	362	812	663	228	1112	828	
308	255	301	1114	647	256	879	300	
807	293	922	924	868	803	892	294	
1077	706	34	889	770	653	1031	
349	44	410	787	409	114	378	
329	669	91	905	99	1007	772	
556	1119	510	495	1131	439	511	
16	192	1049	1028	563	283	
1128	153	23	129	581	851	
363	938	430	372	490	25	
636	463	650	57	813	394	
152	66	950	141	612	933	
1133	1087	617	138	715	344	
1042	766	173	1066	330	916	
834	254	335	684	981	1079	
257	424	259	1040	805	258	
658	557	402	309	961	560	
749	543	681	333	427	422	
361	501	347	342	808	605	
635	489	433	481	724	912	
842	491	702	465	464	723	
1058	1090	954	1035	943	1078	
450	1152	440	45	1074	
262	896	287	46	784	
710	1053	405	93	98	
179	709	817	97	687	
958	1148	941	788	397	
454	573	781	782	762	
535	858	984	931	534	
831	857	969	786	785	
987	963	17	760	
119	789	49	992	
273	652	56	272	
908	121	312	849	
1130	886	306	136	
827	655	224	1089	
229	765	903	764	
488	973	480	240	
502	268	1027	1151	
457	773	377	343	
1005	679	692	403	
590	937	761	819	
1136	673	1091	874	
691	1039	1132	690	
1144	737	754	930	
443	3	1116	
22	451	266	
110	134	804	
115	368	884	
188	553	189	
191	1108	735	
205	204	893	
670	223	839	
632	633	239	
455	360	659	
453	640	607	
592	1011	473	
476	685	671	
898	638	971	
752	780	668	
768	769	1065	
888	1003	887	
1105	1060	1129	
