457	47	682	907	42	1141	987	477	424	430	940	61	948	812	751	819	498	899	580	142	1052	1030	87	814	1025	19	716	505	199	491	44	481	754	300	961	982	90	995	104	903	749	717	854	497	671	504	227	198	233	718	425	8	886	249	1073	908	536	891	290	315	5	119	224	115	576	178	900	906	281	793	757	990	954	403	274	688	1032	282	572	129	217	1004	804	1130	167	197	259	588	790	113	742	551	407	277	1010	31	822	624	542	72	699	450	611	913	222	365	1123	574	85	318	975	585	404	787	781	350	443	1095	722	877	186	17	782	1104	454	1048	20	39	426	649	368	719	1072	866	981	1007	54	308	840	794	45	23	836	855	955	462	901	828	556	949	564	433	593	321	214	235	299	884	731	458	1044	343	266	390	493	439	732	101	467	135	868	553	357	345	522	172	647	30	612	50	126	798	364	53	846	927	1006	641	363	132	431	909	669	871	313	272	396	520	746	70	3	532	1005	136	1077	730	992	78	1022	968	346	387	65	210	292	317	543	293	35	707	319	219	207	662	241	1075	307	448	820	634	327	733	108	1140	555	247	701	691	328	472	360	291	354	831	1114	240	76	464	1036	1079	337	894	59	401	592	613	847	859	200	347	642	813	312	1050	714	151	1097	160	600	656	637	153	476	801	285	459	910	232	1137	654	946	638	231	302	959	383	499	764	188	468	213	663	606	640	797	289	16	969	496	1076	993	803	344	408	740	575	177	915	51	228	1112	223	366	449	683	725	1078	252	161	857	876	821	123	305	351	114	570	1045	842	91	427	174	661	1062	729	811	1094	436	412	456	932	1150	965	706	858	311	168	1109	971	322	539	918	545	1152	835	861	414	410	745	823	106	772	111	353	209	704	306	367	36	1027	950	568	279	309	169	43	596	818	148	784	590	263	852	643	651	93	648	125	705	248	827	693	335	1100	602	528	628	381	867	945	261	411	614	1116	1127	1139	63	881	904	829	653	817	1084	95	250	460	530	471	1039	879	413	841	256	567	394	139	546	920	40	349	179	524	268	1040	728	526	11	715	753	438	1069	619	446	332	679	562	914	1053	489	260	800	833	941	597	734	352	537	872	916	618	336	658	1101	24	680	33	1056	22	625	237	696	326	1126	621	694	563	675	190	824	110	267	799	287	60	1026	400	502	204	264	432	1064	440	720	925	788	320	137	482	926	406	1142	334	77	513	552	815	301	109	10	372	269	138	646	494	103	951	121	185	298	1088	120	1093	723	750	862	461	960	192	673	897	863	807	270	13	636	767	939	783	191	374	1023	834	610	527	856	140	206	544	639	21	1001	802	933	141	362	737	409	242	684	873	116	1016	7	376	1108	623	578	323	96	677	668	329	159	681	1068	1098	1125	173	1111	825	1051	356	445	512	155	1087	1119	333	79	893	1138	1028	919	421	923	791	1024	533	506	766	117	208	928	808	1060	735	58	2	444	478	837	514	280	89	469	510	211	1049	615	1011	780	659	521	809	997	936	216	393	773	218	94	80	355	1008	127	763	64	760	635	452	561	150	1096	1135	630	397	529	700	660	86	342	1	962	518	416	88	1067	128	69	503	171	620	428	850	747	262	676	265	1042	1038	644	830	770	1074	1083	144	331	560	107	938	1015	792	970	776	617	690	996	330	672	196	466	143	245	1086	9	508	501	748	870	275	851	678	911	255	795	937	83	697	541	845	75	534	985	187	379	395	378	447	38	853	361	686	1021	652	73	507	56	386	898	422	1066	205	912	685	284	601	998	1070	958	645	709	243	761	194	276	195	698	977	295	991	1136	453	738	963	230	976	100	405	303	324	779	1071	34	149	589	689	670	81	849	1149	759	931	966	703	878	540	212	727	180	437	922	157	994	253	500	258	474	429	14	1058	516	146	133	509	860	170	655	666	594	358	591	389	99	531	359	816	1122	942	1080	573	156	380	581	711	917	598	251	1014	339	605	687	559	1020	388	0	1065	18	338	629	608	244	511	895	1029	710	882	152	755	417	420	49	325	739	118	147	978	519	726	889	154	1144	122	57	225	288	548	98	743	1115	341	1128	616	316	692	983	193	721	885	930	595	667	566	483	1132	234	832	550	221	102	1133	1012	370	587	415	1031	890	957	257	778	1043	554	956	145	1055	744	66	26	631	158	622	67	435	451	650	28	887	674	943	657	181	547	479	924	935	1000	525	25	278	1090	487	297	848	246	609	423	929	874	579	880	973	52	517	97	892	796	434	492	314	515	934	84	1131	384	402	475	485	340	310	382	1013	4	392	296	953	535	1041	902	604	810	189	62	470	577	32	371	105	875	584	130	603	55	523	986	583	286	775	984	896	162	71	838	183	724	582	569	184	952	46	348	1035	549	203	29	486	1085	1061	92	1019	385	369	967	626	947	538	999	82	419	736	695	1145	664	869	495	229	557	131	839	843	112	599	27	1082	1103	182	1102	1092	37	134	607	702	571	565	6	741	974	373	756	1147	586	752	68	844	74	765	201	972	708	391	418	558	41	1143	48	1146	283	124	1059	921	165	1037	1047	377	226	294	236	215	304	254	455	465	786	905	273	490	12	762	989	166	
239	163	463	464	220	36	815	633	164	632	271	238	826	
209	627	777	399	713	398	758	944	712	964	925	774	
1019	391	1018	1046	1009	983	1017	1023	3	
22	667	634	970	293	604	653	379	683	
488	14	240	973	15	484	480	
559	512	39	286	720	783	225	
210	157	299	248	95	532	
385	180	418	127	422	601	
568	880	201	685	551	233	
883	442	988	441	534	771	
474	1003	473	592	888	887	1004	
1128	634	665	1124	970	497	
623	645	644	686	1138	1115	
20	766	53	21	221	
20	27	335	573	154	
268	71	69	885	250	
874	915	723	1057	1091	
1064	1028	1056	1047	852	
282	10	297	175	
20	63	60	85	
667	20	666	21	
186	475	42	80	
1015	334	716	46	
289	53	309	961	
107	1121	847	294	
124	626	503	784	
149	656	309	503	
149	613	321	951	
697	200	698	246	
779	479	208	307	
298	287	246	784	
1040	805	258	1095	
643	583	327	330	
452	329	719	866	
768	335	1065	769	
561	468	650	1117	
678	722	830	784	
1054	792	1033	1034	
1045	1010	1062	1099	
15	151	480	
1038	16	697	
17	371	227	
22	204	230	
24	462	25	
27	359	554	
384	33	161	
200	721	43	
789	49	992	
1088	84	587	
196	85	344	
99	217	1007	
101	378	925	
112	182	589	
112	403	182	
116	638	358	
214	365	117	
123	391	482	
129	177	331	
981	369	141	
973	592	141	
441	883	149	
182	345	160	
623	172	601	
182	378	233	
195	467	368	
202	203	1044	
209	712	399	
1077	655	224	
523	406	228	
599	641	233	
254	834	684	
678	903	261	
516	263	372	
308	444	908	
738	329	1065	
330	467	466	
903	332	333	
346	616	609	
571	380	350	
867	354	367	
974	355	836	
894	376	525	
402	658	784	
414	696	553	
464	723	491	
733	492	477	
1063	577	677	
604	748	676	
748	676	615	
837	615	752	
617	634	809	
693	684	692	
918	817	695	
732	836	996	
841	742	797	
788	1148	941	
793	1081	791	
792	1011	971	
806	805	1106	
911	910	952	
1120	1008	1113	
1129	1105	1060	
22	667	634	970	293	604	653	379	683	
559	512	39	286	720	783	225	
210	157	299	248	95	532	
385	180	418	127	422	601	
568	880	201	685	551	233	
623	645	686	644	1138	1115	
20	766	53	21	221	
268	71	69	885	250	
1064	1028	1056	1047	852	
667	21	20	666	
42	186	475	80	
334	46	716	1015	
289	53	309	961	
503	124	626	784	
656	503	149	309	
246	697	200	698	
307	779	208	479	
287	298	246	784	
643	330	583	327	
719	452	329	866	
830	678	722	784	
697	1038	16	
227	17	371	
22	230	204	
462	25	24	
359	554	27	
33	384	161	
721	43	200	
1088	587	84	
196	85	344	
378	101	925	
107	847	294	
182	112	589	
358	116	638	
214	117	365	
123	391	482	
129	177	331	
592	973	141	
369	141	981	
182	345	160	
623	172	601	
182	378	233	
368	195	467	
1077	655	224	
228	406	523	
599	233	641	
684	834	254	
258	1040	1095	
678	903	261	
516	263	372	
444	308	908	
738	329	1065	
330	466	467	
903	333	332	
346	609	616	
571	380	350	
867	354	367	
974	836	355	
894	376	525	
658	402	784	
696	553	414	
655	424	989	
733	492	477	
497	634	970	
559	1008	823	
604	748	676	
615	748	676	
684	693	692	
918	817	695	
996	732	836	
841	742	797	
971	1011	792	
911	910	952	
488	14	151	684	479	973	15	638	808	484	240	648	480	
883	149	442	441	534	123	666	988	604	771	481	
1019	1018	1009	983	1017	1023	3	
282	10	527	297	175	170	176	
634	665	1124	497	629	
1054	792	1033	701	1034	
202	203	467	890	
806	805	258	1106	
730	1089	827	655	
31	1099	1062	
195	1002	1029	
294	759	1121	
917	375	314	
1001	368	1118	
1107	1071	1134	
