429	635	1050	693	335	561	636	719	1072	600	516	133	509	1105	477	529	430	637	314	591	45	836	476	660	475	342	945	340	206	411	1127	1067	63	564	654	946	321	69	802	250	428	747	262	265	1052	764	830	266	390	985	439	732	409	606	640	810	792	345	522	577	684	996	1065	716	672	1046	1034	30	1108	546	408	882	895	920	152	245	491	9	44	508	578	481	51	130	1112	1069	739	363	678	903	329	768	669	876	845	71	75	305	332	497	724	395	57	114	378	679	233	425	489	582	8	743	734	811	348	1005	315	549	56	436	333	692	893	769	24	912	919	1150	667	566	1129	947	234	832	675	322	292	1136	1145	1033	60	738	400	131	861	963	1060	735	599	1130	778	444	410	440	702	478	241	375	790	565	482	551	820	772	744	66	327	733	31	68	631	701	765	201	158	72	699	391	67	615	558	109	759	269	279	435	966	521	169	674	1059	547	393	464	1037	25	355	1054	643	490	12	673	642	813	
20	457	368	13	151	649	682	880	374	907	860	981	628	666	794	700	358	955	389	86	359	901	140	261	285	948	949	544	639	881	21	235	296	884	498	899	731	142	141	458	343	188	1074	1030	101	135	814	331	560	687	559	357	242	993	116	608	371	7	196	199	344	244	376	612	1029	623	143	126	40	1040	728	177	748	870	325	104	857	154	548	227	198	718	746	260	686	1111	597	1115	356	341	445	1087	29	336	115	1138	932	983	685	992	965	1019	237	923	369	696	791	243	311	195	65	295	221	102	1133	543	766	110	1032	208	707	319	1026	928	502	100	27	167	207	414	720	571	320	926	1075	6	324	111	373	209	779	1147	586	26	822	328	689	354	36	849	708	568	913	372	41	494	574	85	103	818	657	703	878	997	773	989	350	263	377	236	337	1095	960	401	437	648	1009	64	125	705	500	1002	258	863	312	
39	423	929	1096	783	52	42	434	840	23	485	1	828	61	382	1137	392	904	812	95	917	676	251	499	663	62	496	0	32	18	19	175	179	96	11	417	754	275	420	982	118	252	286	775	313	162	187	225	38	520	70	249	174	661	825	46	532	73	512	386	486	79	1101	456	193	33	178	78	958	967	757	538	387	194	276	990	698	168	550	210	539	688	506	117	282	869	572	287	453	976	957	58	197	264	448	974	353	108	211	247	334	74	77	513	622	10	222	76	28	43	148	181	318	540	298	935	1036	212	218	80	226	894	59	592	186	157	905	297	994	248	246	176	
442	655	308	834	594	84	1122	462	942	1013	593	156	653	817	581	933	819	580	535	959	770	604	771	879	797	553	289	883	388	970	647	776	841	256	50	524	798	1086	53	988	300	49	523	132	255	795	83	978	984	889	896	446	534	123	379	288	447	914	800	908	1089	1128	1077	730	658	1066	1028	680	1056	22	665	858	968	626	789	695	824	918	35	799	1031	890	1082	1124	1103	1043	1064	745	1092	925	788	742	823	307	634	1142	34	441	472	301	1114	659	931	1146	784	124	590	479	787	1093	1047	852	304	254	253	1104	
119	277	316	149	656	1135	1023	552	170	1123	385	755	483	875	349	418	364	492	645	709	934	940	950	999	384	309	402	403	419	531	816	961	641	274	951	851	911	619	232	545	161	910	1139	519	128	120	557	165	503	171	750	850	461	598	278	1018	886	2	1041	127	613	644	952	859	1017	3	290	1020	
5	145	704	1010	1071	537	1097	160	150	767	939	397	92	511	528	595	281	900	987	381	1107	323	365	621	694	1143	438	962	596	943	1134	190	614	121	159	4	664	936	216	404	495	214	351	829	183	122	1084	953	396	94	112	215	405	182	91	554	93	471	487	113	17	536	352	213	760	280	144	618	
203	454	452	422	866	874	517	1057	97	601	421	796	998	706	527	855	533	310	416	518	433	573	129	229	415	785	751	302	383	37	134	362	956	303	467	189	406	969	873	139	831	1011	526	451	915	228	683	937	681	909	1068	924	781	723	727	202	877	180	455	427	786	763	782	827	1091	
714	1100	146	191	205	630	885	284	906	424	856	82	1126	563	736	267	1001	219	620	257	711	662	1042	259	530	1148	1014	493	837	1025	16	1140	752	172	330	629	1049	360	466	81	972	1118	584	780	927	753	283	147	583	975	585	726	525	562	651	569	941	173	192	916	
426	469	470	609	872	224	47	1076	624	542	670	930	625	610	268	761	346	501	138	1006	715	48	801	223	88	871	541	370	838	638	1144	839	808	1079	230	843	204	361	607	737	1083	87	347	762	605	507	
938	807	1055	270	1085	579	844	338	803	505	291	394	105	153	1051	99	995	449	991	459	431	749	986	1116	293	717	587	671	504	443	804	231	460	922	432	588	833	868	339	106	
488	89	14	1048	306	973	1141	484	892	515	240	650	90	977	317	185	15	1117	891	853	842	1073	465	184	1044	468	514	137	848	480	136	
413	1015	627	412	721	758	367	712	964	867	774	677	725	366	777	399	697	713	299	380	1000	1063	570	398	944	1038	200	729	166	
1058	756	690	691	567	1007	54	710	1110	740	1132	846	1131	954	1109	971	1078	55	1080	854	1088	835	217	1053	1125	1039	741	1035	
1094	1119	510	555	326	1024	603	556	1012	921	272	821	98	862	1045	1098	902	1062	273	652	1099	
155	616	898	589	617	576	1016	793	450	1022	1027	575	668	809	1152	722	1151	1081	1021	897	407	
239	163	463	220	815	633	164	632	271	238	826	
611	1070	1090	1102	1149	1061	646	602	
474	1003	473	888	887	1004	
107	847	1121	294	
806	805	1106	
1120	1008	1113	
429	719	1072	516	133	477	529	430	591	45	836	660	342	340	206	1127	1067	63	564	654	802	262	265	830	266	439	732	640	792	577	684	996	1065	30	1108	408	152	491	9	44	578	130	51	1069	739	363	678	903	329	669	845	75	985	332	395	679	582	8	734	1005	315	549	333	692	24	566	947	234	60	400	131	1060	735	444	440	478	565	772	66	733	31	158	67	615	109	759	966	169	1059	393	25	355	642	
324	111	373	20	209	1087	29	336	13	242	368	26	457	649	115	822	374	932	983	328	7	196	199	344	244	612	628	965	1019	237	923	40	696	700	791	243	195	86	65	359	901	140	85	295	221	102	657	948	703	949	1133	857	110	1032	154	6	235	296	928	227	198	236	498	718	899	27	207	1095	401	141	458	343	188	1009	1111	705	1030	926	1115	135	863	356	341	
559	445	779	357	1147	151	586	1138	880	907	116	608	860	371	685	689	354	36	623	143	126	666	794	358	568	913	728	372	41	389	177	748	1040	494	574	325	103	818	261	104	285	639	766	878	881	208	21	319	1026	350	502	548	263	100	167	960	414	260	437	142	686	720	597	648	64	571	125	320	101	500	258	814	331	560	687	
606	327	522	68	631	701	716	201	509	1046	72	919	1150	546	882	667	245	391	920	508	314	269	279	521	475	832	1112	674	675	322	292	411	1145	547	946	321	71	464	69	305	497	738	861	114	1037	233	250	428	599	643	747	778	702	390	241	375	790	482	811	348	551	820	810	
119	277	316	149	656	1135	552	170	385	418	492	940	709	934	999	384	309	402	403	419	961	1123	641	951	232	1139	161	128	120	557	165	171	461	278	886	2	1041	127	613	3	1020	
5	704	1010	1071	150	767	92	511	987	281	323	365	694	438	962	190	4	664	495	214	351	829	183	1084	94	91	554	93	17	760	352	213	280	618	
1055	270	1085	579	844	338	505	291	394	105	153	1051	995	449	991	459	431	749	1116	293	717	587	671	504	443	231	460	432	588	833	339	106	
145	1097	160	939	397	528	595	900	381	1143	621	596	943	614	121	159	936	216	404	122	953	396	112	215	405	182	471	487	113	536	537	144	
470	609	624	670	930	610	268	761	138	1006	715	88	871	370	838	1144	230	204	607	737	87	762	872	
523	50	388	254	524	594	834	1086	446	789	253	680	1104	49	447	553	914	
1053	1125	1080	756	854	740	54	1007	1088	835	846	567	217	741	971	55	
635	1130	489	56	436	637	561	636	893	490	435	481	724	912	57	813	
793	722	450	155	616	1022	1027	1081	1151	898	1152	1021	897	668	809	
1146	535	83	858	35	34	984	593	84	931	1066	534	879	655	
289	824	1092	53	908	925	841	1093	742	823	462	288	695	
132	255	308	301	1103	1114	647	896	479	256	300	307	1122	
750	598	755	483	875	349	545	519	859	531	816	274	290	
1136	876	558	410	12	672	673	409	945	378	699	
22	942	1082	1142	959	970	1013	787	604	653	379	
224	541	47	843	1076	638	542	839	48	223	507	
862	556	1045	1119	510	1012	921	555	821	1024	98	
731	708	544	997	955	682	707	993	1075	989	337	
730	580	800	590	799	776	156	1089	581	819	
413	1015	412	299	380	867	725	570	367	366	
712	627	777	399	713	964	774	398	758	944	
304	798	1043	978	745	123	933	472	797	
697	1038	200	729	1000	1063	721	677	166	
1050	425	744	693	345	743	600	476	895	
625	426	361	346	501	1083	347	605	808	
938	807	986	922	99	868	803	804	
1094	1098	902	326	272	273	652	603	
710	1110	1058	1131	954	1035	1109	1078	
124	658	626	659	788	890	784	
543	746	884	311	870	992	849	
488	14	973	15	484	480	
589	575	617	576	1016	407	
1074	773	376	377	312	
518	362	451	915	517	
883	442	988	441	771	
1064	1028	1056	1047	852	
850	364	950	851	
503	645	644	619	
1102	1070	602	1090	
1149	611	646	1061	
1128	1124	634	665	
691	1039	1132	690	
1057	1091	723	874	
1011	433	189	
768	335	769	
801	469	1079	
968	1077	770	
1031	795	889	
911	910	952	
1018	1017	1023	
1034	1054	1033	
