675	919	475	915	887	362	84	693	749	874	723	1128	882	632	517	606	833	769	105	338	220	72	394	763	588	139	421	521	920	163	449	1003	702	473	292	335	826	671	995	969	314	271	790	504	877	527	239	505	888	579	164	820	518	747	106	768	460	443	165	69	587	305	674	1050	895	1004	1051	339	425	345	415	1116	431	717	991	291	815	743	270	238	348	71	744	1057	459	428	861	451	390	432	1091	269	463	476	526	
58	499	340	222	10	62	226	1111	39	386	248	218	313	287	434	276	967	174	252	1037	341	622	1126	193	905	28	757	232	423	598	572	1029	822	812	33	734	663	1069	168	513	802	392	353	247	132	46	496	698	828	1015	80	52	298	286	843	661	512	539	246	976	264	59	947	297	42	0	45	249	19	532	904	935	334	73	420	894	157	32	197	
1137	585	1042	791	81	486	1096	82	974	485	283	562	78	583	629	383	117	205	23	146	1033	630	399	1025	147	284	584	667	736	856	267	620	662	709	753	525	1054	748	424	563	676	1148	330	714	1049	916	1034	792	493	711	780	699	191	982	956	1014	906	192	774	16	257	96	173	259	1046	466	727	413	453	958	569	474	941	186	43	972	1081	172	
939	621	113	536	93	1010	404	183	495	936	1143	92	405	694	760	112	397	618	94	351	943	554	595	957	381	215	552	704	150	438	1084	487	1052	1134	959	323	1071	1036	213	5	511	829	1107	963	365	614	1097	216	280	214	144	121	987	396	962	159	17	664	182	528	953	122	900	471	91	767	145	537	596	352	190	160	4	281	
13	705	356	359	1013	1087	1095	1047	380	407	766	926	209	917	3	628	867	29	810	1064	26	946	498	299	262	716	725	27	7	242	570	375	207	115	718	40	343	258	227	576	961	154	949	20	1055	344	6	885	1082	366	457	221	1133	575	615	195	85	608	126	1040	597	586	643	413	948	367	458	599	1016	589	1056	852	322	243	
681	785	1089	654	924	300	1066	288	1146	406	416	966	37	742	593	139	302	873	455	360	293	429	655	461	841	462	796	427	83	795	1092	129	908	550	534	601	202	180	998	909	587	176	952	592	422	573	452	827	229	310	175	454	1076	781	1068	786	1142	895	889	516	879	1093	228	303	1124	831	203	84	782	931	683	412	467	
440	275	79	212	1032	282	251	1122	318	95	840	70	178	1114	506	38	869	1152	225	342	211	825	783	688	566	754	76	456	74	1112	994	1	162	148	540	530	520	194	417	1150	210	387	1067	118	187	18	181	179	1147	1140	990	11	1074	382	
708	762	469	871	707	845	1001	204	294	607	930	703	839	715	501	138	838	731	1079	801	624	1006	872	47	87	808	670	541	370	48	1118	610	625	738	361	609	230	346	108	1121	268	605	761	989	347	847	336	737	88	223	542	426	470	
1145	690	1060	1129	1117	1105	600	1035	55	1072	1139	1078	1135	756	954	971	741	1132	1109	1131	1119	1138	24	558	567	54	217	740	1007	1058	1098	854	439	1153	1039	642	1086	395	1053	691	835	1080	846	1088	1125	623	1154	
438	93	1010	495	1143	694	511	618	94	351	213	554	323	17	900	552	150	1084	959	1071	1036	1134	5	829	1107	963	365	280	214	1097	987	704	962	664	183	91	767	92	760	352	190	4	281	
585	1042	736	82	147	283	562	629	424	146	630	1025	284	584	267	662	583	563	330	714	1049	916	186	525	191	982	956	1014	906	16	257	173	259	466	727	753	569	941	711	192	972	172	
591	9	444	169	733	158	582	8	1065	75	400	31	739	130	265	66	63	355	332	477	408	67	131	529	393	578	30	640	206	51	478	759	109	266	660	696	
591	9	444	169	733	158	582	8	1065	75	400	31	739	130	265	66	63	355	332	477	408	67	131	529	393	578	30	640	206	51	478	759	109	266	660	696	
151	126	357	143	720	414	568	142	125	21	648	104	619	779	445	371	261	728	358	41	685	372	116	880	208	502	559	263	64	560	331	103	611	319	666	
681	924	416	966	139	683	37	873	302	455	293	429	303	796	427	601	129	412	229	998	909	781	422	573	310	454	406	1068	180	1142	782	228	467	
764	337	773	612	377	981	993	141	376	746	133	544	369	1030	260	1075	907	765	682	543	312	870	1115	152	311	903	25	134	437	849	997	884	333	
288	1089	654	300	1066	1146	742	593	360	461	655	83	795	1092	908	550	534	841	587	462	592	1076	175	176	952	895	889	516	879	1093	84	931	
1089	890	535	858	824	647	742	35	308	655	968	289	795	256	908	706	534	301	60	462	819	1031	34	770	823	879	1093	1077	984	925	931	53	
953	621	113	397	595	939	404	936	112	943	121	957	381	215	487	405	614	216	536	144	396	159	182	528	122	471	145	537	596	160	
514	488	973	977	240	185	241	848	184	892	1073	317	480	306	15	515	1044	484	468	136	891	853	137	1141	842	90	1048	465	14	
708	703	469	871	707	845	1001	808	872	501	1079	801	1118	930	625	738	361	609	610	346	731	605	989	347	426	737	336	470	
156	824	647	722	307	581	308	479	799	245	580	289	301	256	730	776	925	155	255	1103	509	800	590	450	1022	589	53	896	
787	673	752	726	672	538	985	430	651	975	876	378	68	409	547	250	44	233	219	837	945	546	201	778	114	410	12	
639	1021	533	911	860	574	523	234	260	999	571	1028	199	316	65	857	524	897	898	224	644	907	937	832	500	
72	820	919	747	521	475	920	348	1003	887	165	71	702	69	473	305	428	674	861	390	1004	314	790	606	888	
681	924	966	139	683	229	873	302	455	293	429	303	796	427	601	129	998	909	422	454	781	1068	1142	782	228	
886	656	127	402	418	120	309	161	170	951	165	119	128	171	492	419	940	149	557	384	613	934	385	77	
81	486	974	485	78	383	117	1148	676	23	399	667	620	748	413	493	774	1096	96	453	958	474	43	
1091	743	895	1057	517	874	723	345	717	443	362	915	1050	518	451	1116	460	476	693	744	425	
371	502	559	151	208	560	357	358	21	126	685	104	779	372	728	103	611	116	263	720	41	
581	308	1103	799	289	255	479	580	156	824	925	776	647	590	301	800	256	307	730	53	896	
930	839	762	469	801	138	838	108	737	1079	715	624	48	230	204	370	223	542	872	47	
749	106	675	269	449	504	292	833	394	991	270	882	671	588	505	995	338	1051	432	
85	102	227	221	26	498	154	507	29	242	638	20	7	6	40	209	115	243	195	
944	713	712	964	697	758	166	399	1000	61	721	448	777	485	729	627	200	1038	
8	206	408	444	130	739	169	265	393	30	158	591	578	355	332	109	31	131	
24	1053	1080	567	54	217	740	1007	55	835	741	854	756	1125	971	846	1088	
326	98	821	556	273	1024	510	921	862	1104	1094	555	272	603	652	902	1012	
85	102	227	221	26	498	154	29	242	20	7	6	40	209	115	243	195	
85	227	221	26	498	154	29	242	20	7	6	40	209	115	243	195	
746	377	133	134	437	773	543	312	260	849	870	884	376	333	907	311	
823	60	35	535	858	1031	1077	53	968	34	984	925	931	706	534	770	
839	762	138	838	230	715	541	624	48	1006	204	370	108	223	542	47	
85	227	221	26	498	154	29	242	20	7	6	40	209	115	243	195	
653	634	735	1108	978	472	379	497	1043	745	123	604	22	665	970	933	
85	227	221	26	498	154	29	242	20	7	6	40	209	115	243	195	
85	227	221	26	498	154	29	242	20	7	6	40	209	115	243	195	
477	9	759	67	582	400	733	478	66	51	63	640	75	660	266	
689	494	414	125	143	100	320	177	285	687	666	319	101	878	
288	592	587	300	879	1146	1076	931	742	795	175	176	550	84	
308	890	1089	462	879	819	655	824	289	742	795	1093	256	908	
952	1089	895	889	516	1066	461	462	655	1093	841	1092	908	360	
893	724	490	912	481	637	636	435	57	635	813	1130	489	436	
666	325	125	794	167	913	143	177	960	100	319	818	414	
85	209	227	126	374	368	373	6	196	86	195	899	135	
568	445	142	414	64	125	648	143	331	880	261	319	666	
865	789	1002	1090	107	153	1026	1136	864	1024	1102	1100	
85	227	126	374	368	373	6	196	86	209	899	195	
867	615	725	380	413	599	885	1082	366	570	322	367	
646	1041	1123	1090	1144	1070	1136	789	710	602	1061	
641	483	750	519	545	816	531	755	274	859	290	
447	680	388	834	254	446	594	50	253	553	914	
790	72	305	428	348	861	165	71	702	390	606	
220	271	163	238	164	463	826	239	815	632	
324	356	295	700	237	296	928	1083	965	705	
1028	524	1021	316	523	860	898	897	999	224	
343	458	356	718	359	457	926	126	27	705	
106	270	269	833	991	394	505	995	1051	338	
642	1086	1119	558	395	1153	1098	1145	623	1138	
1054	1033	1046	791	792	1137	699	1034	1081	709	
1078	691	1132	690	954	1035	1058	1131	1039	
437	543	260	849	870	389	884	907	311	
853	514	468	892	240	465	185	241	515	
848	891	184	137	136	317	1048	306	90	
556	98	821	510	921	862	555	1024	1012	
944	712	964	758	713	399	398	777	627	
549	692	403	315	363	901	1005	684	678	
308	479	255	1103	647	301	256	307	896	
944	712	964	758	713	399	398	777	627	
49	626	658	863	124	784	992	788	659	
746	437	543	260	849	870	884	907	311	
839	670	48	47	108	223	542	268	
508	830	631	279	551	411	321	701	
2	503	327	522	97	482	1085	391	
902	326	1104	1094	272	603	652	273	
785	202	1124	786	452	827	831	203	
693	743	895	476	1050	425	345	744	
749	675	504	292	882	671	588	432	
952	1089	895	889	516	1066	655	360	
944	712	964	758	713	399	777	627	
521	314	920	820	674	919	747	69	
140	649	111	235	236	244	328	198	
1139	1117	1135	439	600	1060	1109	1072	
980	979	1099	1045	1062	1063	677	942	
201	547	546	68	250	233	114	
166	697	1000	721	729	200	1038	
809	616	793	1027	668	617	450	
981	25	369	1030	612	141	152	
180	573	467	310	37	406	412	
110	56	844	657	932	231	561	
804	938	99	868	803	807	922	
785	202	786	452	827	831	203	
155	245	509	450	722	589	1022	
29	26	20	40	115	243	
978	472	1043	745	123	933	
533	911	234	644	937	832	
527	526	763	139	415	421	
806	1008	1113	1106	1120	805	
29	26	20	40	115	243	
839	542	47	108	223	48	
480	488	973	484	15	14	
171	886	418	165	119	557	
626	658	124	784	788	659	
349	797	645	686	304	910	
549	692	403	315	901	1005	
918	738	1151	695	817	
809	616	450	668	1027	
653	604	22	970	379	
993	997	682	337	544	
501	347	361	808	605	
950	850	875	851	364	
641	290	545	755	483	
986	811	643	955	716	
442	988	883	441	771	
862	555	1024	821	921	
1115	1075	765	764	903	
12	672	945	673	876	
367	867	366	725	380	
464	751	633	89	1059	
473	887	1004	888	1003	
329	772	719	866	669	
85	7	154	40	20	
576	575	1016	407	589	
1018	1017	1023	135	
859	531	274	519	
617	616	450	1027	
36	350	548	354	
1091	874	723	1057	
793	616	450	1027	
431	579	459	339	
13	1133	1087	344	
1085	2	503	97	
577	836	996	732	
289	925	53	824	
1116	460	443	717	
465	468	240	515	
1055	1056	643	716	
915	518	517	362	
155	450	722	1022	
188	1011	189	433	
1129	1105	1154	1153	
639	574	571	500	
83	654	593	534	
1062	942	1045	1099	
871	610	470	609	
327	522	391	482	
149	170	934	128	
761	607	88	87	
923	401	135	
811	643	716	
726	219	837	
775	929	866	
1079	801	469	
378	409	410	
859	816	519	
580	156	776	
1144	1110	1149	
294	1121	847	
258	1040	597	
634	497	665	
464	89	1059	
931	984	534	
737	930	872	
1019	983	1009	
277	278	1020	
491	798	650	
634	497	665	
707	336	731	
857	199	65	
679	927	855	
881	126	814	
461	462	1092	
473	1004	1003	
1044	842	977	
997	337	544	
133	312	134	
805	1106	806	
576	575	1016	
147	192	714	
892	853	514	
657	932	110	
448	485	61	
49	863	992	
857	199	65	
576	575	407	
576	575	589	
1093	908	841	
1127	866	1101	
25	981	612	
768	335	769	
800	730	581	
752	651	726	
