1217	47	682	42	477	424	1110	61	812	1238	819	899	580	142	1052	771	87	814	1025	1245	19	716	505	712	44	481	754	300	90	995	104	903	749	399	717	497	671	233	198	425	8	886	249	1073	908	480	315	5	119	627	224	115	576	178	484	900	906	281	793	757	990	954	403	1191	688	282	129	217	804	1130	167	259	588	1148	1179	113	742	551	1224	407	277	1010	1199	822	624	542	72	699	1187	1258	450	611	913	222	365	238	574	85	239	975	585	404	787	781	350	1095	722	1196	17	782	1002	1104	454	20	39	426	1221	649	368	719	1072	866	981	1007	979	54	308	840	794	45	23	836	955	462	828	556	949	564	433	321	235	299	731	458	343	390	493	439	732	101	467	135	868	357	345	522	172	647	30	612	50	126	53	164	846	927	641	363	1241	909	871	313	272	396	70	632	3	532	136	1211	769	992	78	1022	968	387	65	210	317	35	707	319	219	1231	207	662	241	1075	307	448	865	327	733	108	1140	555	247	701	691	1170	328	472	354	831	1114	76	1216	464	894	59	592	613	847	859	200	347	642	813	312	1050	714	151	160	656	637	153	964	476	1175	801	459	232	1137	946	638	231	383	499	764	188	213	663	606	640	16	969	496	993	803	575	177	51	228	1112	223	366	683	725	1078	161	857	876	123	305	114	570	427	174	661	1062	729	436	412	456	932	1150	965	706	311	1109	322	539	918	545	1152	861	410	745	375	823	1181	106	772	111	353	209	306	1265	36	950	568	309	43	596	818	148	784	590	263	852	1054	643	651	93	648	125	705	248	1091	693	335	1100	1120	758	602	528	867	261	411	614	63	881	904	829	653	817	95	250	1165	460	530	471	1039	413	163	1193	1168	841	256	567	394	139	546	40	349	524	1040	728	1242	526	11	715	753	438	1069	1169	619	446	332	679	914	202	489	260	941	597	734	352	872	916	618	336	24	680	33	1056	22	625	326	1126	621	694	563	1209	110	799	287	60	502	204	264	440	720	788	320	137	482	406	1142	334	1200	77	552	815	301	109	10	372	269	138	646	494	103	1272	121	1088	120	1093	723	862	461	192	897	863	13	939	374	1023	834	610	527	856	1192	140	206	544	864	21	1001	802	933	141	362	737	242	684	873	116	7	1264	376	623	578	1107	323	677	1280	329	159	398	1243	1098	173	1111	825	1051	1281	512	155	1087	1119	333	893	1138	1028	1057	919	923	791	1024	533	506	117	208	928	808	785	1060	58	1018	2	478	1121	514	280	89	469	1049	615	1011	659	521	1163	936	216	393	773	1223	15	218	94	355	1008	127	64	760	488	635	452	150	630	397	529	700	660	86	342	1	518	416	88	1067	128	69	503	171	620	428	747	262	265	1042	1038	644	1273	770	830	1083	144	331	560	107	938	1015	792	776	617	690	996	330	196	466	143	245	1086	9	501	870	826	678	911	255	937	83	541	845	75	534	985	395	379	378	38	853	686	1021	652	73	507	56	386	898	1153	1066	205	912	685	1070	276	698	977	295	991	1136	738	976	100	303	1249	324	779	1071	34	149	1232	689	81	849	1177	1149	759	703	1228	1215	212	727	922	1159	157	994	253	500	258	176	1255	14	1058	516	146	509	860	170	655	594	358	591	531	816	1122	1080	573	156	581	711	917	598	251	1014	605	687	559	1020	388	1180	0	1065	18	338	629	805	244	511	895	1029	152	755	417	420	1162	49	1246	325	739	118	147	1190	726	154	1144	122	57	225	288	548	98	743	1233	1115	1260	1128	616	1267	692	983	193	721	885	220	595	566	483	1132	234	832	550	221	102	1012	1230	713	587	415	1031	957	257	554	1172	145	1055	744	66	1158	26	158	622	67	435	650	28	887	674	181	924	935	25	278	1090	487	297	246	609	1210	442	880	973	52	517	1204	97	796	434	492	314	515	84	1131	402	475	485	1247	310	382	1218	1013	4	392	296	1283	953	535	604	1017	1174	62	577	371	1046	1212	105	1227	1166	130	603	55	523	986	775	984	162	71	838	1063	582	569	46	549	203	29	486	1085	1061	92	1019	967	626	82	419	1145	869	495	229	557	131	839	112	599	27	182	1102	37	134	607	702	1092	1167	571	565	6	741	974	1099	373	756	1147	586	752	68	74	201	1171	972	708	391	418	558	41	48	1146	124	1197	921	165	1037	377	226	236	294	304	254	455	465	786	905	273	12	762	989	166	
429	488	270	561	150	860	484	385	369	381	940	326	761	836	346	384	271	475	485	531	274	61	572	380	653	917	302	414	1064	241	820	1055	744	327	684	589	360	344	508	913	275	283	185	909	479	464	679	447	337	569	613	184	661	827	1035	480	
1152	293	1163	224	1120	1108	226	884	1045	237	798	91	1176	389	848	90	797	865	
779	543	544	1178	697	838	1183	1265	341	525	620	437	959	1103	1201	596	340	
210	318	1087	457	211	1095	490	1036	451	1006	1089	548	443	1005	477	
252	593	214	453	230	421	1173	215	666	405	800	1111	269	253	1112	
1128	807	1270	970	1140	31	32	1034	806	1043	870	982	971	
470	1010	936	579	1076	409	1118	408	491	886	855	536	774	
285	1161	880	351	963	1117	498	284	633	10	648	879	
1216	224	1026	890	218	810	1098	958	901	103	809	
795	777	735	1240	934	925	763	788	915	1268	736	
598	918	79	96	99	183	339	1084	655	80	
518	768	117	298	557	299	143	142	855	169	1261	168	
730	960	1222	697	189	952	988	989	1182	951	
401	267	540	268	547	555	463	495	400	803	
292	910	368	681	361	765	468	1115	1235	291	
718	1257	316	766	1267	358	573	1214	359	657	
942	662	1129	486	487	821	1144	1122	943	657	
850	1125	875	1033	1233	874	1030	926	1113	851	
887	922	554	871	617	115	698	171	828	
620	180	520	179	364	890	1253	199	315	
1019	1045	1160	645	600	1121	571	236	601	
1160	920	766	159	964	279	235	236	
710	658	913	464	175	348	176	407	
1116	824	186	243	370	266	187	356	
190	510	286	444	908	1236	419	189	
796	1211	996	194	631	195	837	553	
209	634	791	208	1099	309	449	1029	
755	510	791	654	835	1254	982	1204	
635	1027	676	636	783	1016	1268	675	
665	1114	664	740	907	1123	1194	741	
750	986	778	1081	1233	767	751	849	
1116	842	958	929	889	956	888	843	
429	1080	1145	924	817	861	280	
1080	924	497	716	817	861	280	
289	432	519	1044	513	290	695	
627	858	372	1211	811	751	628	
413	834	1178	568	780	412	1117	
942	703	524	869	822	481	698	
1128	492	1032	757	1150	1170	677	
663	583	639	584	538	631	537	
1077	616	554	1089	1006	653	689	
877	878	1096	844	789	790	1105	
132	240	241	133	227	367	
445	1193	192	191	1057	366	
202	997	696	833	235	201	
997	561	664	1199	811	562	
1173	1082	1074	783	1275	782	
882	883	978	1156	1200	1155	
1165	1252	1282	197	32	
84	311	177	85	366	
1198	1185	566	327	114	
483	333	134	1037	1115	
418	1153	660	1183	175	
1025	1205	990	246	1095	
616	370	464	754	570	
1114	889	446	682	1123	
722	578	458	1167	680	
474	1048	473	902	548	
474	1208	669	863	1020	
493	867	653	1028	1106	
937	759	754	612	562	
853	746	854	607	608	
1008	669	1168	748	668	
1142	931	1000	670	930	
704	896	966	1234	897	
756	844	1284	1105	892	
1191	840	1003	841	1004	
1255	959	908	907	1279	
1053	1139	1135	1194	1134	
5	41	6	3	
1059	821	33	1141	
39	619	127	218	
582	1065	716	72	
616	399	1007	92	
1158	926	1007	92	
100	875	403	683	
107	559	1158	926	
946	856	374	319	
651	573	323	456	
936	326	720	1209	
336	691	694	772	
703	692	378	916	
616	692	859	420	
431	430	1195	504	
1068	442	441	516	
454	744	703	922	
1158	470	1234	595	
1158	470	1009	1234	
1255	1227	471	656	
1160	483	482	698	
500	537	814	797	
706	524	709	533	
745	1164	542	531	
858	569	913	1288	
1045	1074	692	668	
673	672	1265	1171	
913	846	707	930	
1198	1102	790	729	
1041	1042	980	833	
1048	1082	1225	1047	
1244	1239	1201	1213	
201	8	4	
1042	6	47	
18	899	13	
18	1157	444	
100	20	419	
454	1144	28	
1018	31	32	
35	196	218	
1245	59	963	
1094	960	62	
756	67	800	
1188	1237	68	
512	68	529	
99	220	499	
100	1271	843	
544	103	206	
122	448	106	
107	542	531	
120	492	233	
121	242	216	
1036	318	137	
487	140	139	
230	218	139	
473	1046	140	
1151	565	144	
1093	347	150	
157	1040	226	
1009	292	160	
1036	1089	165	
179	364	865	
188	1286	878	
194	977	553	
197	196	251	
452	265	206	
411	789	216	
217	1180	1212	
523	894	221	
465	551	227	
1186	624	248	
252	693	916	
325	261	546	
666	590	269	
789	300	1091	
524	1230	311	
374	319	455	
322	473	761	
330	621	685	
760	357	607	
1150	377	1065	
732	379	1187	
559	1158	414	
415	1154	1153	
418	1092	1091	
1206	980	443	
1053	1283	447	
606	447	690	
460	554	626	
991	460	1062	
461	1133	854	
468	1110	1084	
961	472	987	
1186	539	478	
1237	479	628	
506	863	686	
543	636	752	
1037	558	830	
666	578	745	
611	610	709	
619	1088	1078	
917	622	1162	
711	638	753	
808	674	654	
815	936	659	
667	666	780	
1256	670	972	
1169	703	692	
704	986	987	
710	1281	1224	
936	720	1209	
730	724	725	
744	1000	764	
1227	758	757	
1163	786	892	
800	1071	988	
1172	1173	812	
825	1090	1097	
891	1243	892	
1070	948	947	
1165	1286	953	
961	962	963	
1093	1256	1000	
1063	1064	1044	
1253	1265	1260	
1258	1259	1276	
210	318	457	211	490	1089	451	548	443	477	
887	922	554	871	617	115	698	171	828	
1080	924	497	716	817	861	280	
1087	1036	1089	1006	1005	1095	
39	619	127	660	218	
311	84	177	85	366	
862	913	464	176	407	
722	578	458	1167	680	
662	486	487	841	1122	
5	3	6	41	
18	13	899	1087	
72	716	582	1065	
399	616	92	1007	
208	209	791	1029	
231	610	301	725	
1025	990	246	1095	
856	374	319	946	
323	456	573	651	
936	326	720	1209	
694	691	772	336	
378	916	703	692	
412	413	568	834	
859	692	616	420	
922	454	744	703	
656	1255	471	1227	
1128	492	1170	757	
4	201	8	
9	1144	826	
100	20	419	
35	196	218	
512	529	68	
1007	1158	92	
100	683	403	
103	544	206	
448	106	122	
107	531	542	
120	492	233	
242	121	216	
518	143	142	
1093	150	347	
226	1040	157	
452	265	206	
548	210	477	
1180	1212	217	
523	894	221	
235	964	236	
546	325	261	
1099	301	1058	
524	1230	311	
455	374	319	
685	330	621	
760	607	357	
377	1150	1065	
1187	732	379	
418	660	1153	
779	439	546	
1114	446	682	
991	1062	460	
863	686	506	
558	1037	830	
939	611	1121	
1088	619	1078	
917	1162	622	
753	711	638	
815	936	659	
1169	703	692	
936	720	1209	
758	757	1227	
20	452	609	146	1023	1254	1204	1091	54	314	476	660	1201	402	475	801	340	544	1013	654	128	156	1182	262	530	1014	141	771	101	144	189	559	792	62	873	690	175	376	244	1029	710	245	755	988	177	982	228	683	55	911	83	286	697	398	914	800	173	427	908	952	1236	348	1281	341	445	1094	155	730	56	658	1178	1153	912	193	220	281	78	566	696	791	326	419	403	563	190	824	506	835	808	843	804	100	599	167	1103	182	444	375	565	482	280	1224	407	145	1055	209	1157	1271	510	756	1222	1071	752	247	1183	699	354	708	391	301	67	418	913	659	138	521	674	951	181	377	25	525	960	437	786	994	760	989	246	176	
1255	635	636	929	682	1096	1135	783	907	1105	892	153	1268	901	1134	411	1116	1286	544	1139	128	1279	953	620	1165	676	959	1038	251	188	1253	810	413	32	1016	1046	196	199	1198	179	364	1107	53	740	754	300	888	449	1169	889	838	114	198	1053	1098	520	842	174	908	1111	315	224	1150	1019	566	665	958	789	621	1194	675	543	799	664	208	1026	890	843	58	1185	1282	207	197	264	1102	956	790	741	865	779	1252	209	634	327	756	752	844	1027	1114	372	435	650	1123	1213	1284	103	596	809	1216	878	590	216	773	377	218	877	180	905	1091	
5	203	14	1087	13	47	630	983	52	509	33	1141	900	22	1266	23	621	1	801	4	21	58	899	1042	2	444	37	375	1017	1075	6	814	772	1157	469	1193	1147	0	26	18	19	74	629	328	7	30	815	9	10	269	11	995	43	49	147	1059	162	821	15	25	8	59	1196	487	12	3	
429	488	270	150	484	385	369	381	940	761	836	346	384	271	274	1080	1145	1013	572	380	653	817	861	1283	917	302	414	1064	1044	320	606	820	280	1055	589	690	360	344	508	275	283	185	479	924	1063	447	337	1053	569	941	613	184	827	1035	
316	486	600	860	601	1019	483	1129	314	358	645	964	698	359	614	317	942	766	869	573	1214	495	662	1121	571	742	482	822	1029	1257	524	481	943	657	703	159	821	305	718	1045	1160	487	863	
39	756	115	178	42	72	220	1150	831	728	41	1131	365	238	228	102	255	239	871	864	129	71	229	319	114	378	171	377	219	218	250	957	428	173	686	347	863	
224	412	1120	631	256	1108	663	237	798	940	584	1176	389	538	500	90	239	583	639	1152	293	1163	534	226	884	1045	91	383	320	537	848	814	106	797	865	
89	1161	880	284	633	10	276	789	234	1122	438	677	668	285	239	313	272	351	812	114	225	1031	963	233	1117	498	461	134	648	439	732	879	
549	512	756	68	374	201	178	42	170	67	696	109	372	325	221	310	104	382	523	161	404	587	235	94	250	304	383	93	833	188	200	136	
1077	616	1087	457	980	211	1170	689	477	712	527	451	1006	991	210	317	318	1036	165	653	443	1095	401	554	490	1089	1206	137	1005	
474	145	1048	473	577	929	1046	53	761	748	574	140	668	322	669	393	548	1047	894	1008	1082	1208	902	1225	782	863	1020	
203	744	66	561	1199	860	42	612	143	759	964	311	754	531	937	997	664	1186	464	653	562	661	811	813	
1158	704	470	151	1234	472	612	987	595	906	67	481	966	961	962	206	986	896	963	1009	705	17	897	
31	32	371	595	623	462	104	363	539	881	433	726	497	263	396	535	1018	264	410	440	362	478	514	
145	1050	29	242	224	40	527	276	28	366	216	272	217	225	98	257	127	743	258	551	331	
918	79	183	217	1084	398	415	655	220	80	620	598	70	499	96	99	339	347	810	
292	910	368	681	306	412	765	1084	291	78	1110	968	249	361	597	468	1115	325	1235	
774	470	1010	936	579	1076	1277	409	502	1118	408	67	491	886	1107	855	536	238	
107	559	1158	881	1033	874	1113	92	850	1125	875	709	1233	1030	926	403	683	851	
986	627	1288	1211	767	751	849	750	257	628	778	569	858	1081	372	1233	811	
267	108	540	547	555	463	495	400	803	582	401	268	705	1075	213	1181	
795	181	777	1180	735	1240	314	934	925	763	788	915	1268	736	
20	16	1013	63	24	296	36	27	571	660	17	621	140	
382	744	1093	1256	671	1000	670	972	498	126	764	830	
132	909	682	133	227	367	465	240	1074	241	605	551	
1211	996	464	631	781	796	194	837	195	927	977	553	
416	454	876	781	928	415	685	840	558	770	830	826	
252	593	214	453	230	421	215	666	405	800	269	
289	634	519	600	973	1063	513	432	1044	290	695	
667	666	578	590	745	780	1111	412	476	253	
428	431	430	16	594	1195	87	504	376	
980	1041	1042	345	833	501	812	927	872	
1142	913	931	846	707	1000	670	930	1029	
445	1193	1057	192	191	472	366	54	
882	883	978	1156	707	1200	248	1155	
1151	110	565	663	1109	144	532	
539	878	478	1186	935	624	248	
559	1158	414	607	720	1065	983	
461	853	1133	746	854	607	608	
493	867	653	1028	1106	1154	953	
363	292	831	160	1009	849	
1090	1097	448	825	1202	176	
815	722	1144	1115	814	233	
1274	590	913	1076	57	
1070	948	947	71	872	
673	672	1265	1171	193	
202	997	696	833	823	
1173	1111	1172	812	250	
706	524	709	1179	533	
1045	692	1074	1275	668	
1191	840	1003	1004	1007	
939	1168	1253	1265	1260	
1092	1184	76	652	
252	693	127	916	
1112	230	218	139	
1157	181	151	914	
920	279	235	236	
1205	253	753	246	
622	1043	810	1029	
1128	815	936	757	
786	891	1243	892	
338	271	24	
102	732	1250	
116	1263	286	
123	1039	344	
421	1251	151	
1030	187	1171	
1036	513	250	
994	337	507	
373	945	944	
1203	1236	436	
899	898	776	
445	407	20	209	730	510	62	658	756	1055	1071	1157	1153	1178	690	912	175	1183	1204	220	1254	354	54	1029	710	78	391	301	67	755	418	696	314	791	913	659	988	1094	660	1201	419	521	982	1281	228	674	340	683	951	190	824	181	544	286	1013	697	654	835	341	808	1182	377	25	525	599	960	437	800	1103	444	1224	173	427	908	952	1236	989	348	1222	1091	176	189	
559	145	20	155	56	452	792	609	1071	1271	752	247	690	873	146	193	1023	376	699	244	281	708	245	566	326	476	177	138	402	419	403	475	521	563	801	683	55	144	911	83	506	128	156	398	843	804	100	914	167	262	182	530	1014	141	786	994	375	771	565	482	101	760	280	246	
696	833	235	201	104	
995	772	8	1196	
31	32	1018	104	
208	209	634	449	
