429	270	589	338	360	344	385	369	381	508	761	346	384	271	275	1237	283	274	185	479	572	380	447	337	302	414	184	827	1035	820	
616	682	1138	822	1028	680	906	706	524	950	968	832	816	977	674	739	869	1001	679	785	731	651	905	868	
549	512	374	201	170	109	372	325	221	310	523	161	404	587	94	751	304	383	93	1273	188	200	136	
5	1245	13	0	26	74	328	7	22	1266	10	1	43	147	4	21	58	59	2	12	6	3	
711	1015	622	703	937	626	446	661	692	698	743	652	845	638	1017	621	1228	574	976	919	
965	599	582	747	749	554	719	1189	773	493	629	624	509	754	570	860	606	1056	602	603	
722	483	349	578	637	577	909	922	1066	1167	846	464	927	482	723	887	974	687	
899	14	1229	8	9	37	23	18	162	19	1239	11	15	52	30	25	900	
1269	255	239	756	1103	1284	173	728	319	513	347	238	178	365	220	957	250	
556	89	39	181	1157	35	34	53	393	1196	332	1200	82	122	97	54	
428	228	1177	871	864	686	41	115	129	229	1131	42	72	863	171	114	
100	559	708	262	1271	792	1124	1071	247	128	476	873	994	475	1146	246	
625	488	917	1055	1080	700	924	836	932	867	861	689	808	828	618	933	
102	112	353	163	249	1149	164	575	273	1036	113	165	130	103	505	
1185	1151	167	56	204	83	327	326	141	138	154	565	144	55	
862	1158	1285	436	448	1233	71	660	521	1181	378	550	377	92	
363	450	539	535	799	881	1072	471	362	478	1186	865	462	595	
903	588	759	613	690	1065	1246	707	1037	653	762	1106	1024	
50	318	1127	44	45	272	517	297	76	137	51	46	
119	118	78	88	117	160	507	131	77	295	148	104	
107	277	108	455	282	127	573	276	456	1021	253	646	
202	203	278	232	590	172	287	125	205	256	288	206	
421	252	215	405	800	1251	593	269	214	453	1112	230	
424	1180	242	1267	216	866	495	789	1100	217	379	1212	
373	1025	254	1148	306	701	435	502	859	420	307	683	
410	433	946	417	632	650	1143	371	694	1031	263	529	
411	1094	62	333	63	134	1179	135	95	1099	294	
145	911	1226	182	530	786	177	101	193	563	914	
1263	1145	418	427	597	222	116	885	1187	223	261	
357	1287	314	496	659	334	1250	732	1238	140	315	
155	506	1166	702	1014	156	375	402	398	376	804	
923	649	592	1073	787	893	908	1061	691	839	772	
126	265	460	560	352	1232	48	49	198	511	
1258	1241	399	745	465	1259	526	1039	972	1276	
1090	1159	1092	1184	1132	812	1162	813	1091	1224	
27	20	16	1013	17	966	24	296	36	
1286	576	825	829	849	805	953	528	139	
452	566	609	771	146	985	760	403	801	
445	643	967	192	191	817	1260	1190	366	
401	267	540	268	547	555	463	400	213	
218	619	949	831	1088	715	219	727	1078	
461	580	1119	1133	313	501	823	233	581	
322	386	260	940	259	941	323	1126	312	
623	1018	264	1067	440	726	497	514	396	
498	285	633	1161	880	351	879	963	284	
408	491	470	1010	855	579	536	409	1118	
614	744	1022	693	569	1288	494	480	533	
1048	1173	1082	1074	1225	783	1275	782	1047	
850	1125	875	1033	874	1030	926	1113	851	
712	70	157	60	69	551	1079	61	
159	151	150	174	248	158	350	73	
598	79	96	99	183	339	912	80	
237	293	91	1163	389	90	1108	226	
1116	824	186	243	370	266	187	356	
474	210	473	902	490	451	548	477	
281	245	1278	752	1023	280	699	244	
289	432	1064	519	1044	1063	290	695	
340	437	1244	1201	1183	1213	525	341	
704	986	388	387	705	532	987	394	
434	391	406	1070	564	392	472	397	
416	454	1197	1110	781	826	415	685	
942	662	1129	486	487	821	943	657	
795	934	925	763	915	1268	736	735	
1136	980	955	1121	737	738	742	979	
1098	1216	958	1026	901	890	810	809	
894	1168	904	973	993	1083	1104	895	
806	807	1270	31	32	870	982	
1107	149	1062	1172	642	57	81	
684	311	84	85	485	1057	484	
324	207	1191	522	87	86	166	
991	457	211	990	1175	1046	1174	
257	1262	258	1176	224	225	331	
317	1087	316	1089	1006	1005	1095	
515	939	390	729	1283	354	355	
620	779	543	544	838	395	596	
764	1164	630	542	531	612	916	
663	583	639	584	538	631	537	
1217	545	647	656	992	552	546	
938	655	688	604	605	640	641	
1221	733	995	996	734	1249	1215	
960	1222	952	988	989	1182	951	
1077	40	29	527	28	98	
64	75	481	65	1204	1060	
382	1188	67	1208	68	1020	
124	1052	106	305	1051	105	
1054	121	594	617	120	123	
132	240	241	133	227	367	
518	143	142	169	1261	168	
710	658	175	348	176	407	
180	520	179	364	1253	199	
1231	591	343	1223	342	212	
1140	648	234	439	1122	438	
918	345	321	320	1049	872	
413	834	1178	568	412	1117	
459	969	975	458	818	819	
615	534	557	567	467	466	
755	510	791	654	835	1254	
876	558	984	830	770	928	
635	1027	676	636	1016	675	
842	929	889	956	888	843	
66	997	561	1199	562	
111	110	1205	303	753	
231	152	489	153	907	
190	286	444	419	189	
796	194	837	195	553	
209	634	208	449	1029	
910	368	681	361	291	
718	766	1214	964	359	
853	746	854	607	608	
627	858	1211	811	628	
798	1120	848	797	884	
1130	1142	847	803	802	
882	883	978	1156	1155	
1007	1040	1004	38	
1230	196	251	197	
279	920	235	236	
503	1272	330	329	
504	431	1195	430	
441	516	1068	442	
765	468	1235	1084	
1280	499	541	500	
1045	645	601	600	
667	780	666	1111	
748	669	1008	668	
1171	673	672	1265	
717	678	677	769	
1281	1218	713	714	
750	767	1081	778	
775	1011	776	784	
1128	935	815	936	
1034	1043	971	970	
1135	1053	1134	1139	
1059	33	1141	
1147	1193	47	
768	298	299	
301	300	1058	
571	308	309	
335	720	336	
426	425	954	
443	1206	1207	
1002	586	585	
611	610	709	
1210	1192	644	
1194	664	665	
696	697	833	
721	1114	1242	
730	725	724	
758	757	1227	
886	1277	774	
788	777	1240	
1102	790	1096	
814	983	1209	
841	840	1003	
878	877	1150	
891	1243	892	
897	896	1234	
898	1069	1170	
1274	1076	913	
931	1000	930	
1255	1279	959	
1019	1160	1123	
1165	1252	1282	
488	1077	744	693	561	577	1288	692	115	1138	822	629	1164	624	860	625	622	1022	637	594	791	913	526	481	82	621	531	698	887	603	533	363	614	703	869	845	707	638	653	1001	976	1045	711	731	747	569	922	745	661	652	480	687	
145	155	1271	56	327	609	1278	873	193	1023	376	244	1198	281	708	245	566	1226	1166	326	476	138	402	419	563	55	911	83	128	156	985	398	843	804	100	1185	167	204	262	1124	182	530	702	141	994	375	771	565	
1015	616	1119	719	1049	542	680	509	1056	612	919	906	965	706	950	832	494	574	816	903	749	918	1012	1189	773	570	679	599	582	651	554	493	604	868	606	
1211	690	412	579	631	630	815	430	483	780	964	501	927	148	431	1286	878	909	541	503	1160	877	643	886	1041	1042	833	644	1195	188	837	482	507	
242	333	1210	866	939	1066	1275	424	967	195	411	210	1169	399	313	216	495	464	812	183	217	379	671	227	294	134	465	1074	390	1249	
151	0	1156	150	158	421	349	578	1155	61	1241	159	446	1186	60	69	350	1079	70	157	174	1196	248	974	551	73	
149	116	517	81	796	50	44	45	76	275	51	261	318	1127	1184	272	1036	57	362	297	1089	137	642	46	
5	469	13	486	1147	26	47	983	981	328	7	22	10	1122	43	821	21	59	487	12	1017	467	3	
270	360	385	369	346	675	283	185	1013	479	321	572	1283	1182	447	337	1282	302	414	184	320	1035	820	
1055	1094	932	689	524	700	759	626	836	867	828	739	459	1145	924	861	808	852	933	917	588	613	762	
1128	373	555	701	805	528	408	806	492	757	435	420	945	683	1032	502	944	254	127	859	253	307	
1255	1072	893	1061	691	371	623	923	1227	417	1067	787	935	839	396	535	592	410	440	1073	471	772	
454	1221	74	201	381	508	696	279	1201	995	104	1197	4	697	585	235	525	1018	8	1038	989	
39	34	1007	97	92	54	831	53	748	556	292	181	619	777	35	393	71	332	38	1285	952	
1269	252	255	426	1008	586	515	916	593	1051	1052	305	729	1037	122	1002	741	106	354	105	
1050	239	40	583	29	282	1101	743	276	880	1063	28	1228	897	225	171	1187	331	98	
1019	203	1130	308	1177	1207	871	686	600	129	287	490	571	1206	114	443	1024	601	
712	232	357	1274	590	314	496	1287	659	334	1076	973	732	1238	140	641	315	139	
1266	667	215	666	2	63	269	214	453	17	723	6	1	397	230	1212	
88	1248	615	251	79	229	1093	146	514	1247	347	77	342	228	288	118	
891	756	864	1284	173	41	844	1131	1105	42	72	863	699	892	221	
78	1264	388	1142	161	1092	1273	387	789	1205	154	300	753	170	1091	
862	662	436	1202	448	956	1065	1203	1039	1150	552	378	344	377	550	
450	539	1053	264	1139	1040	433	478	1135	1083	1134	1194	90	263	
102	112	124	163	949	211	568	219	273	557	165	130	1250	218	
1173	960	460	240	1062	241	1172	133	1175	912	605	484	1174	367	
1258	793	1276	794	206	1112	1111	1259	992	872	758	325	274	546	
14	1229	801	37	23	162	19	11	15	52	30	25	900	
559	611	722	62	1107	1148	645	1137	1121	1075	774	1277	814	
1152	848	383	522	109	941	404	330	200	87	86	1126	685	
986	627	858	1081	93	372	767	365	811	751	987	94	628	
429	635	1080	427	497	1021	384	817	238	1268	280	1190	394	
523	277	512	1188	1086	529	728	68	101	1237	957	250	
548	368	249	1149	164	575	765	113	1246	505	1235	477	
1054	121	920	617	120	716	123	715	596	618	727	236	
416	9	876	558	984	770	830	781	826	415	928	
1231	353	452	461	1116	265	1133	581	1232	198	511	
750	257	778	418	1153	597	222	660	1183	885	849	
620	340	543	544	1103	1251	752	785	341	80	
89	285	633	1161	648	351	879	1117	963	284	
655	437	1178	208	99	309	1084	220	810	1029	
1230	311	84	177	1256	972	196	85	366	
119	391	491	455	936	946	374	319	1118	
1025	20	27	16	335	990	246	1095	
111	1102	110	1096	303	790	296	36	
704	1208	67	669	896	966	668	1020	
809	1176	224	855	1026	901	103	884	
518	143	298	142	299	169	1261	168	
779	764	1233	838	521	1000	602	176	
190	510	286	444	1236	835	1263	189	
991	1136	457	1199	192	1100	1144	233	
1218	798	733	534	734	1215	1281	223	
721	1262	336	720	1242	1181	694	258	
289	634	432	519	1044	513	290	695	
1078	853	746	854	1088	451	1028	914	
795	1180	934	925	763	915	736	735	
1265	1168	576	1253	271	24	1260	
117	768	160	131	725	500	295	
202	126	278	997	125	256	205	
1098	475	792	506	684	485	144	
445	710	658	175	348	1224	407	
386	260	259	1085	323	234	312	
1058	709	1163	786	247	1179	851	
301	405	800	1071	988	1146	449	
718	1257	316	766	358	359	657	
428	899	898	776	1167	504	1069	
665	959	740	908	463	907	1279	
1158	470	881	1009	926	1234	595	
910	649	681	968	905	904	1115	
894	717	1159	784	1162	1209	895	
850	1125	875	1033	874	1030	1113	
58	231	152	489	153	199	
237	940	91	1064	389	1108	
310	549	382	304	587	136	
147	1280	499	1014	226	355	
180	520	179	364	293	865	
996	194	632	1143	977	553	
1165	322	1252	473	761	1046	
969	975	458	466	818	819	
474	842	958	929	754	890	
639	584	537	538	663	797	
1217	1140	31	726	1170	
66	64	338	75	65	
107	573	1214	456	646	
108	1132	993	567	813	
132	889	682	888	1123	
213	591	1223	395	212	
406	434	564	392	472	
1267	527	829	439	438	
498	931	846	670	930	
1027	676	636	799	1016	
955	737	738	742	640	
1099	209	1222	951	
1245	1272	1216	329	
857	921	856	343	
760	608	607	403	
441	516	1192	1068	
678	677	442	769	
1109	532	1151	705	
656	1171	647	545	
1114	664	937	562	
1204	674	654	1254	
847	870	803	802	
827	1106	1154	953	
882	883	978	1200	
18	1157	1087	
32	197	982	
324	207	166	
1057	191	1193	
267	268	540	
468	1110	291	
361	306	823	
317	380	589	
345	713	714	
547	400	401	
1010	536	409	
788	462	1240	
1031	610	650	
783	1082	782	
1043	807	1270	
825	1097	1090	
942	943	1129	
1070	948	947	
1034	971	970	
1191	1003	1004	
1104	1120	1060	
1213	1239	1244	
