488	693	719	682	630	509	860	1204	1106	602	637	700	836	867	531	816	1192	828	518	614	1080	1189	299	638	653	1001	503	933	711	731	747	917	142	644	764	1074	493	1039	868	606	687	1015	1245	242	577	1288	617	690	1065	716	330	629	1275	612	524	578	846	526	481	754	927	715	1246	603	739	903	132	749	329	937	1241	909	399	446	845	570	679	582	569	427	661	652	480	618	1276	616	692	1066	1138	932	1164	1028	680	1056	919	906	625	965	1022	483	706	968	626	621	698	832	977	1109	1024	533	1145	1012	869	707	861	808	785	976	599	588	554	745	482	974	1055	744	586	822	624	542	689	367	972	1258	622	950	759	887	494	574	674	1272	703	298	585	924	773	464	1037	852	727	651	922	465	613	1259	762	1002	
155	452	56	609	146	193	1023	281	566	326	476	402	403	475	563	506	128	156	804	100	1185	167	204	262	1124	182	530	702	141	1014	375	771	565	101	280	144	559	145	1271	792	327	1278	752	247	873	376	699	244	708	245	1226	1166	177	138	1146	55	911	83	1251	985	154	398	914	786	994	760	246	
649	1072	893	1061	595	529	923	694	462	539	799	881	433	946	1067	839	1031	535	1018	264	410	440	362	471	478	514	772	865	691	371	450	623	1040	417	650	1143	363	726	787	497	263	396	592	1073	908	632	
353	163	172	205	256	1232	505	721	670	1150	511	126	1149	164	575	1242	130	48	49	103	206	102	232	590	287	165	671	288	198	202	112	278	265	460	249	273	113	125	352	560	
1269	756	13	115	178	42	220	72	863	728	41	1131	365	238	1284	228	255	239	864	129	229	319	114	171	957	250	428	173	686	347	3	
429	469	270	589	981	360	344	385	369	381	508	761	346	384	271	275	1237	283	274	185	479	572	380	447	337	302	414	184	827	1035	820	
549	512	68	374	201	170	1188	67	109	372	86	325	221	310	382	523	161	4	404	587	94	1020	304	1208	383	93	1273	188	200	136	
14	1157	1087	1221	996	18	52	33	1141	30	900	1229	9	23	11	995	801	657	1059	162	1239	15	1144	8	37	1196	1249	
89	39	34	74	1200	1007	97	92	54	831	53	82	556	181	619	35	393	71	332	122	38	1285	1038	952	
357	496	334	576	805	528	849	139	1287	314	659	435	420	140	1286	829	502	1238	1250	953	219	825	732	315	
203	1147	26	47	983	328	7	22	1266	434	43	1209	147	392	21	1041	1042	12	1017	1075	6	814	
388	1210	866	394	391	418	1132	387	856	342	1162	921	1184	495	812	379	1092	343	813	1091	532	
1136	461	580	1119	59	1133	1140	1177	871	313	1161	648	501	234	880	879	823	963	233	581	
159	857	1010	0	150	60	69	350	158	1079	712	349	70	157	174	248	551	73	61	
1127	336	335	149	272	116	57	517	81	50	44	720	45	297	76	137	642	51	46	
257	1050	1077	1262	40	331	29	1176	224	1101	527	743	28	1228	897	225	258	98	
1019	237	1053	840	1194	293	486	91	1163	389	487	841	1123	1122	741	90	1108	226	
119	1280	88	104	117	768	541	160	507	131	77	78	499	500	295	148	118	
620	779	1255	1257	543	544	959	1103	358	1244	838	1201	1279	1213	596	
416	454	1197	876	984	781	928	415	685	1110	558	770	830	826	
107	277	108	282	573	1214	456	455	127	276	1021	253	646	
190	1263	755	510	286	444	791	654	1236	835	419	1254	189	
411	1094	62	333	63	95	397	294	134	1179	135	1099	
1025	20	16	1013	24	296	504	36	27	17	966	
324	252	215	207	522	593	214	453	87	916	166	
918	1218	714	345	713	321	320	1049	872	1281	223	
292	910	368	681	765	1084	291	361	1009	468	1235	
862	436	1153	448	1203	660	1183	378	1154	377	550	
795	777	735	1240	934	925	763	788	915	1268	736	
598	66	79	19	96	99	183	339	912	80	
124	425	1052	84	311	1051	85	954	106	105	
210	318	457	1207	211	490	451	1206	443	477	
373	254	492	1148	1032	306	701	859	307	683	
1198	877	878	1102	1096	844	789	790	1186	1105	
1130	1142	931	1093	847	1256	803	802	1000	930	
1217	179	615	534	557	567	467	169	466	
1231	213	1086	591	1085	1223	439	395	212	
850	1125	875	1033	874	1030	926	1113	851	
991	1165	1252	1282	1100	990	1175	1046	1174	
58	722	489	2	123	723	1	199	
1054	643	967	216	120	817	1115	1190	
322	121	986	386	260	259	323	312	
938	655	688	604	133	605	640	641	
1116	824	186	243	370	266	187	356	
1212	1180	564	961	217	472	962	987	
793	545	794	647	656	992	552	546	
899	775	898	1011	776	1167	1069	784	
1098	1216	958	1026	901	890	810	809	
894	1159	973	1083	993	1104	1224	895	
426	960	1222	597	1187	25	951	
806	807	1270	31	32	870	982	
710	658	913	175	348	176	407	
684	1062	1172	241	485	1057	484	
289	432	519	1044	513	290	695	
515	939	390	729	1283	354	355	
413	834	1178	568	412	579	1117	
663	583	639	584	538	631	537	
635	1027	676	636	783	1016	675	
980	955	1121	737	738	742	979	
798	1152	1120	848	1264	797	884	
498	285	633	10	351	284	
111	1151	110	1205	303	753	
152	153	222	907	885	261	
180	520	364	1253	1265	1260	
796	1211	194	837	195	553	
209	634	405	208	449	1029	
704	401	547	240	705	227	
718	317	316	1036	1089	1170	
408	1107	409	536	1277	774	
459	975	969	458	818	819	
491	1274	936	1076	935	1118	
64	338	75	65	1060	
143	997	561	1199	562	
421	151	855	1261	168	
445	1193	192	191	366	
267	540	268	555	463	
667	666	780	1111	269	
406	1137	905	1168	904	
1045	1160	645	600	601	
750	778	1081	767	751	
882	883	978	1156	1155	
197	1230	251	196	
949	1112	230	218	
611	231	610	709	
920	279	235	236	
766	964	305	359	
340	437	525	341	
431	430	594	1195	
1068	442	441	516	
1158	470	896	1234	
474	473	902	548	
1173	1233	782	521	
627	858	811	628	
665	1114	664	740	
1008	669	748	668	
678	717	769	677	
1128	1227	757	758	
942	1129	821	943	
1169	889	956	888	
970	1043	1034	971	
1048	1082	1225	1047	
5	815	886	
301	300	1058	
571	308	309	
400	662	1181	
424	1267	438	
608	746	607	
673	672	1171	
989	697	1182	
730	724	725	
734	733	1215	
800	1071	988	
842	929	843	
891	1243	892	
1126	940	941	
1070	948	947	
1191	1003	1004	
1006	1005	1095	
1090	1202	1097	
1135	1139	1134	
14	1157	1087	18	52	33	1141	30	900	1229	9	23	11	801	1059	162	1239	15	8	37	1196	
22	147	203	1266	1147	26	47	21	12	983	1017	328	6	7	814	43	1209	
257	1077	1262	40	331	29	1176	224	527	28	897	225	258	98	
1136	461	580	1119	1133	313	501	234	823	233	581	
391	418	1092	1184	1132	343	812	342	1162	813	1091	
620	779	1255	543	544	959	1103	838	1279	596	
598	79	96	99	183	339	912	80	
237	293	91	1163	389	90	1108	226	
190	510	286	444	1236	419	1263	189	
210	318	457	211	490	451	443	477	
918	714	345	713	321	320	1049	872	
862	436	448	1203	660	378	377	550	
1140	1161	648	880	879	963	
324	207	522	87	166	
124	1052	106	1051	105	
252	215	593	453	214	
1053	486	487	1194	1122	
495	1210	866	379	
387	532	388	394	
1050	1101	743	1228	
844	789	790	1096	
847	1130	803	802	
878	1186	877	1105	
1142	931	1000	930	
1249	995	1221	996	
871	59	1177	
85	311	84	
1218	223	1281	
392	434	1075	
1002	586	585	
1019	741	1123	
835	791	755	
1154	1153	1183	
1201	1213	1244	
1258	1259	1276	
488	714	151	561	150	866	1100	424	637	475	531	61	411	942	69	380	638	653	1001	711	731	747	1074	390	1017	687	1015	792	242	577	1288	1076	1275	349	578	1274	526	927	603	363	1241	909	399	541	446	845	671	379	227	98	70	569	174	661	743	1225	652	729	352	480	1077	1119	333	1156	692	1164	1138	919	625	1129	195	621	698	1155	110	267	869	713	495	1186	60	707	217	1102	745	478	974	551	1249	111	779	822	624	158	367	36	450	622	913	28	887	943	148	703	185	216	773	464	350	723	1228	1047	1079	294	722	922	465	248	500	
1269	39	163	34	211	586	617	1066	196	97	54	920	831	594	568	53	164	748	715	130	596	102	556	121	255	181	619	777	949	35	393	120	557	123	165	122	1250	219	218	236	727	1054	259	618	
413	744	386	149	719	542	81	796	50	834	1107	45	323	76	1126	832	51	1127	697	1184	370	1000	570	57	1243	599	598	260	460	554	93	362	1062	297	493	642	46	
107	373	277	756	306	844	456	701	973	805	1105	1150	528	408	67	492	659	435	420	1284	683	1032	502	377	877	254	800	361	956	859	307	
609	108	19	146	672	993	52	193	33	803	1141	30	900	1229	268	23	403	563	801	911	1059	540	162	985	802	25	530	37	771	101	
357	436	496	334	92	1287	314	269	660	521	550	948	590	864	1203	71	332	378	1202	735	862	1285	662	607	253	760	448	176	
155	56	1278	412	1023	244	281	245	483	1110	1166	326	138	1136	83	128	156	804	1160	167	204	1124	702	141	468	742	482	
5	20	1147	47	629	630	983	509	601	143	169	1261	168	49	518	768	298	1137	299	503	95	58	142	571	1075	814	
1010	733	567	1240	710	755	508	870	1281	462	1024	717	812	112	1130	1173	1090	1159	788	1172	847	734	813	1091	1224	
68	178	42	699	1188	524	109	626	728	1237	325	221	382	523	404	587	957	250	94	1103	173	136	
426	457	1199	967	234	954	1122	438	991	1133	313	829	233	581	198	425	461	580	648	192	439	823	
324	549	616	1049	612	602	354	965	515	816	739	903	1191	1012	1189	852	1008	764	1196	604	868	916	
416	353	1142	16	775	876	984	904	1037	928	170	511	558	1011	1092	1273	770	830	300	753	407	
429	635	459	1080	1145	848	924	497	817	861	394	1045	383	759	941	613	1021	915	82	1268	280	
203	452	232	997	172	287	229	205	256	895	202	308	278	265	55	125	274	560	206	
29	1067	282	1072	787	893	1061	935	691	839	371	396	623	923	592	410	1073	
894	548	388	588	249	784	1149	575	273	765	113	1246	505	1162	1235	933	477	
678	89	1068	633	442	1161	1096	441	769	351	789	790	879	1117	677	284	
317	749	66	1210	75	338	1022	706	709	64	481	65	533	851	
322	535	473	1248	615	251	761	1093	514	1247	347	228	288	118	
1215	406	391	434	1057	1070	1221	564	1132	392	191	472	995	397	
917	1055	1094	634	327	940	1064	519	1044	384	417	1063	484	1174	
145	1197	239	40	583	134	272	276	880	732	225	1187	331	
708	1151	1046	96	565	419	402	663	398	1175	1109	144	605	
721	1025	1262	336	970	1114	335	720	1242	1181	694	258	1209	
1027	676	543	1251	636	752	799	1244	1201	1016	328	1213	992	
469	1193	13	4	0	26	74	21	22	2	10	1	
1198	1185	566	871	1038	115	129	716	114	72	171	675	
1280	655	1084	355	499	99	339	415	220	810	226	80	
1019	1258	1276	1286	878	645	1259	690	188	346	758	546	
1165	454	1252	840	197	1003	1018	381	31	32	104	
116	1263	885	418	427	597	222	275	606	223	261	
620	180	520	179	293	364	890	650	199	315	865	
1029	437	1178	791	585	600	279	835	235	1002	695	
1078	853	304	746	854	1088	451	608	1028	979	914	
1098	1230	311	84	177	972	646	485	85	366	
100	132	1271	889	682	240	133	888	1123	843	
119	1048	806	815	1128	486	902	936	821	574	
385	302	1035	369	184	479	572	360	820	283	
639	345	584	321	538	330	320	537	685	797	
539	1226	182	440	433	705	90	532	263	
124	91	1052	1051	305	106	818	819	105	
231	152	489	153	836	932	1190	808	828	
750	257	875	778	1081	589	1233	767	849	
667	1013	780	476	296	1283	1182	976	447	
1169	1177	857	455	921	946	856	374	319	
1255	1227	647	555	471	656	1039	552	344	
512	651	627	858	529	372	1056	751	628	
559	1158	414	1148	881	1065	926	1004	1007	
960	62	63	516	17	912	1192	1212	
78	117	684	131	77	48	73	295	
88	395	591	343	1223	213	342	212	
209	262	1058	1071	873	247	1146	1099	
238	774	491	579	536	1277	409	1118	
340	824	544	673	1183	1265	525	341	
474	1208	506	669	929	686	863	1020	
938	1267	776	955	737	738	640	641	
666	527	487	467	140	230	139	
730	1222	189	952	988	989	951	
190	665	959	908	1236	907	1279	
285	301	610	724	1031	725	668	
910	649	968	681	1144	1115	291	
704	896	781	631	837	966	897	
8	696	833	201	762	772	
918	59	79	841	183	494	
224	855	1026	901	103	809	
318	969	1036	137	513	466	
996	194	632	1143	977	553	
421	215	405	593	214	453	
1050	368	700	1101	867	689	
980	1042	1041	947	872	443	
1116	842	958	1111	1112	449	
795	1180	934	925	763	736	
1266	41	375	1131	6	
882	883	978	12	1200	
27	1205	990	246	1095	
522	200	87	86	166	
445	658	1153	175	348	
237	1176	389	1108	884	
1053	1139	264	1135	1134	
498	931	846	670	930	
937	1211	754	811	562	
611	1121	939	1168	1253	
712	1087	1089	1006	1005	
1163	786	1179	891	892	
807	1270	1043	1034	971	
850	1125	1033	874	1113	
994	3	337	507	
576	271	24	1260	
210	688	490	135	
766	159	573	1214	
186	243	266	356	
545	1030	187	1171	
310	1082	783	782	
1245	1216	329	1272	
1257	358	726	785	
401	547	463	400	
975	458	1167	680	
1086	1152	886	501	
582	950	905	517	
643	644	964	757	
654	1254	1204	674	
827	1106	1154	953	
961	962	963	906	
1217	1140	1170	1069	
1256	126	7	
1239	11	157	
18	1157	444	
1083	1040	38	
43	1085	312	
252	693	127	
147	981	1014	
387	154	1264	
1009	292	160	
207	1194	664	
241	860	679	
510	982	286	
289	432	290	
303	838	1238	
718	316	359	
986	365	987	
431	376	1195	
428	430	504	
1234	470	595	
534	1218	798	
1120	1104	1060	
488	779	1015	1077	1119	792	151	561	577	1288	150	692	1164	1138	822	624	158	919	36	625	622	349	578	637	913	526	195	500	927	475	531	621	698	887	1249	148	61	603	703	1241	909	541	869	446	773	845	60	69	464	638	350	653	707	723	1001	1079	1228	711	722	731	747	70	569	922	465	745	174	661	743	652	1017	248	352	974	551	480	687	
609	19	146	672	52	193	33	1141	30	900	1229	23	403	563	801	911	1059	162	985	25	530	37	771	101	
155	56	1278	1023	244	281	245	483	1166	326	138	83	128	156	804	167	204	1124	702	141	482	
796	50	598	1127	460	1107	149	93	1184	45	362	1062	297	76	642	51	46	1243	81	57	
1240	112	710	1130	755	1010	1090	508	717	1159	788	847	812	567	870	462	813	1024	1224	1091	
373	254	756	492	1032	361	306	659	1284	701	435	502	859	973	420	307	805	528	683	
5	58	20	1147	1137	47	503	571	629	630	983	509	1075	95	814	49	601	
862	948	1285	662	436	590	864	448	1203	71	332	660	521	378	550	92	
549	903	965	616	1012	1189	852	764	1196	604	1049	868	816	612	602	739	
556	39	181	619	777	831	35	34	586	53	393	748	122	97	54	
411	424	267	242	333	399	216	866	495	1100	671	217	379	294	
461	580	1133	313	648	234	439	829	823	1122	438	233	581	
413	599	744	834	554	697	719	370	493	542	832	570	1000	
1054	121	259	594	617	120	1066	123	715	596	618	727	
535	1248	615	251	1093	514	1247	347	228	288	118	
588	249	1149	575	273	113	505	1246	933	
145	239	583	134	272	276	880	732	1187	
434	391	406	1070	564	1132	392	472	397	
1165	1252	197	1018	381	31	32	104	
708	96	565	419	402	398	144	605	
620	180	520	179	364	890	199	315	
1078	853	304	854	1088	1028	979	914	
1025	336	1114	335	720	1242	721	1209	
871	115	129	716	114	72	171	
1084	99	339	415	655	810	80	
89	633	1161	351	879	1117	284	
102	163	211	164	165	130	1250	
1027	676	636	799	1016	328	992	
108	540	268	993	803	802	
518	143	142	169	1261	168	
991	457	967	1199	192	198	
218	949	568	557	196	219	
357	1287	496	314	334	735	
327	940	1064	1044	484	1174	
111	1102	110	390	729	
119	1128	806	815	936	
1280	499	220	226	355	
345	321	330	320	685	
1019	645	346	758	546	
437	1178	600	695	1029	
331	225	1197	40	
188	1286	878	690	
1275	227	367	1074	
1126	323	386	260	
1008	916	515	354	
1186	363	450	478	
877	377	1150	956	
917	1055	384	1094	
894	1162	388	784	
634	417	519	1063	
584	538	639	537	
889	888	1123	682	
408	67	800	
100	1271	843	
107	277	456	
132	133	240	
258	1262	1181	
293	650	865	
768	298	299	
761	322	473	
412	468	1110	
426	425	954	
441	1068	442	
451	608	746	
454	840	1003	
752	543	1251	
1185	566	675	
902	574	1048	
1046	1175	663	
678	677	769	
733	734	1281	
1160	1136	742	
789	790	1096	
848	1045	915	
942	943	1129	
1215	995	1221	
