488	693	1210	719	682	630	509	860	1204	1106	602	637	700	836	867	531	816	1192	828	614	1080	1189	638	653	1001	503	933	711	731	747	917	644	764	493	1039	868	1017	606	687	1015	577	1288	690	1065	716	330	629	612	524	578	846	526	481	754	927	1246	603	739	903	749	329	937	1241	909	446	845	570	679	582	569	743	661	652	916	480	618	616	692	1066	1138	932	1164	1028	680	1056	919	906	625	965	1022	483	706	968	626	621	698	832	977	1109	1024	533	1145	1012	869	707	861	808	785	976	599	588	554	745	974	1055	744	586	822	624	542	689	972	622	950	759	887	494	574	674	1272	703	585	924	773	464	1037	723	1228	852	722	651	922	465	613	905	762	1002	
14	13	47	1161	1135	880	52	981	1141	1266	666	23	1	1134	942	285	1139	4	593	214	21	498	879	814	1193	1245	0	18	19	7	30	9	633	11	1112	147	252	1251	162	821	351	1144	1053	8	800	1111	1115	3	5	1128	486	983	33	284	22	421	900	667	1229	1129	1209	453	963	230	58	662	405	2	37	6	469	1147	26	74	328	815	780	10	269	43	943	657	1059	936	935	1239	15	25	215	59	487	12	
155	452	56	609	146	193	1023	1057	484	892	281	566	326	84	311	476	402	403	475	485	563	801	506	128	156	804	100	1185	1151	167	204	262	1124	182	530	702	141	1014	375	771	565	482	101	280	144	559	145	1271	792	327	1278	1071	752	684	247	873	376	699	244	708	245	1226	1166	177	138	1146	85	55	911	83	985	154	398	1243	914	786	994	760	891	246	
406	704	388	1058	813	733	1142	1221	1097	776	996	769	973	993	803	472	397	1108	987	394	895	930	237	434	391	301	1070	1011	591	931	389	387	947	1132	300	961	342	90	962	677	995	1162	784	678	948	986	293	717	775	564	1137	1163	1184	1223	392	812	1000	395	802	1202	1215	212	226	894	1130	1090	1159	91	1092	343	847	705	734	1075	213	1249	532	1091	1224	
89	39	413	1157	386	436	1158	1178	34	617	412	567	1007	196	466	97	92	54	1198	831	834	594	568	615	53	940	1040	323	660	82	521	715	1126	550	1078	322	121	556	181	619	949	35	1230	1088	393	120	71	534	123	332	557	122	1203	378	377	218	219	38	727	862	1054	1117	1285	197	260	259	1038	251	941	1233	1196	1236	1083	467	1104	448	312	1181	
549	1269	512	756	68	115	374	201	178	170	42	72	220	1187	1188	67	1177	696	109	728	372	41	1131	365	238	228	1284	325	221	310	382	523	255	239	161	697	864	871	404	587	129	229	319	114	171	94	250	957	428	1020	304	1208	1103	383	93	173	686	833	188	1273	200	347	863	136	
107	111	277	373	357	108	496	306	334	576	456	701	805	199	1150	528	139	849	1287	179	364	314	492	659	276	435	646	420	753	945	140	683	1286	878	110	1032	282	573	1205	829	502	944	1238	953	1250	877	180	520	254	455	1148	127	1021	303	825	253	732	859	1253	307	315	
807	649	1072	893	1061	907	529	595	806	923	694	462	971	539	1270	799	881	433	946	1067	1186	839	1031	535	1018	264	1043	410	440	362	471	478	514	772	865	970	31	32	691	371	1034	450	623	417	650	870	1143	982	363	726	787	497	263	396	592	1073	908	632	
454	407	714	658	345	79	1153	841	1076	1049	912	175	685	1234	1154	710	796	840	1110	1274	913	558	194	96	99	195	826	416	1197	918	1218	1003	876	984	896	713	321	781	904	183	928	415	1004	80	598	1041	1042	770	830	837	320	339	872	897	348	1281	176	553	
203	353	163	172	1168	205	256	1232	505	721	670	511	308	126	1114	1149	164	575	1242	856	309	130	48	49	103	206	102	1169	232	857	590	921	287	165	671	288	198	202	112	1231	278	265	460	249	273	571	113	125	352	560	
1050	1077	29	151	224	1101	150	1256	158	712	40	958	349	1176	527	28	901	61	809	1262	1216	159	1093	60	69	1026	350	225	890	1079	98	810	257	1098	70	157	174	248	258	551	73	331	
445	1252	426	1119	1140	1085	191	1046	1264	1086	967	501	234	990	954	1175	1122	438	1190	366	991	1136	1133	1152	854	313	817	233	581	1165	425	461	580	643	853	1282	648	192	439	823	1260	1174	
627	470	1010	561	1199	1211	579	767	1277	628	408	1118	143	430	491	858	855	774	169	1261	168	518	431	997	768	298	299	504	562	751	750	778	886	1081	142	1195	536	811	409	
119	368	160	765	77	291	78	1248	748	1247	295	668	118	148	104	88	292	1280	910	681	117	669	541	131	1084	1008	499	361	1009	468	500	1235	507	
336	335	149	116	885	517	81	50	44	418	1107	45	222	76	51	223	261	1127	272	1036	1263	57	1173	427	720	597	1062	297	1172	137	642	46	
1025	20	730	510	16	1222	24	1254	36	755	791	988	419	966	725	951	190	286	1013	654	835	296	724	1182	27	960	444	952	17	989	189	
1094	62	1267	242	333	442	866	844	441	516	1096	1100	1105	1212	424	789	411	399	1068	63	216	495	217	379	95	294	134	1179	790	135	1099	
429	270	589	360	344	385	369	381	508	761	346	384	271	275	1237	283	274	185	479	572	380	447	337	302	414	184	827	1035	820	
1255	779	635	209	634	636	1244	1016	1183	1029	1027	1201	1213	675	340	596	449	543	544	208	838	1279	525	620	676	437	959	341	
66	1180	1120	338	1240	798	934	915	65	1268	736	795	777	75	1060	735	884	925	763	64	788	848	797	
929	874	1113	875	243	888	851	1116	824	889	1033	370	187	843	850	1125	842	186	956	266	1030	926	356	
1217	898	647	656	672	1170	1265	552	758	1171	992	1258	793	546	794	1227	757	1069	545	899	1259	673	1276	
474	1087	473	457	211	608	477	1207	451	1006	210	318	548	443	1095	746	902	607	490	1089	1206	1005	
718	1019	317	920	1045	1160	316	766	1257	358	645	964	600	1214	279	235	601	1123	359	236	
231	611	152	489	1102	153	610	709	515	939	390	729	1283	354	355	
1048	132	1082	240	1074	241	783	1225	133	782	1275	1047	227	367	
938	655	688	980	955	1121	604	737	738	742	605	640	641	979	
124	459	969	975	1052	458	1051	1167	305	106	818	819	105	
324	207	665	1191	522	664	740	87	86	1194	741	166	
289	432	1064	519	1044	1063	513	290	695	
401	267	540	268	547	555	463	400	
663	583	639	584	538	631	537	
882	883	978	1156	1200	1155	
89	39	1157	1158	34	617	1007	97	92	54	1198	831	594	1040	53	82	715	556	181	619	949	35	393	71	332	122	218	219	38	727	1285	1038	1196	1083	1104	
5	469	1193	1245	13	1147	0	26	47	74	983	328	981	7	22	1266	10	269	1	43	1209	147	4	21	15	58	1053	59	2	487	12	6	3	
1269	756	115	178	42	72	220	1187	1177	728	41	1131	365	238	228	1284	255	239	871	864	129	229	319	114	171	957	250	428	1103	173	686	347	863	
353	163	172	1168	505	721	670	511	126	1114	1149	164	575	1242	130	48	49	103	102	165	671	198	112	265	460	249	273	113	125	352	560	
549	512	68	374	201	170	1188	67	109	372	325	221	310	382	523	161	404	587	94	1020	304	1208	383	93	1273	188	200	136	
336	335	149	116	517	81	50	44	1107	45	76	51	1127	272	1036	1263	57	1173	720	1062	1172	297	137	642	46	
1119	1140	1046	1264	967	501	234	990	1122	438	991	1136	1133	1152	313	233	581	461	580	648	439	823	
712	159	70	349	151	157	150	174	1093	60	69	1256	248	158	350	551	1079	73	61	
1059	14	1229	8	9	37	23	18	162	19	1239	11	52	33	1141	30	25	900	
1130	1142	1090	717	1159	1092	1097	1184	1132	847	812	803	802	1202	1162	813	1091	1224	
119	118	78	88	1280	117	499	541	160	500	507	131	77	295	148	104	
257	1050	1077	1262	40	331	29	1176	224	1101	527	28	225	258	98	
1286	659	576	435	825	829	849	420	502	805	1238	140	953	528	139	
416	454	1197	1110	876	558	984	770	830	781	904	826	415	685	928	
107	277	254	108	455	1148	282	127	573	276	456	1021	253	646	
411	1094	62	333	63	134	1179	135	95	1212	1099	294	
918	1218	714	1041	1042	345	713	321	320	1049	872	1281	
862	436	448	1233	1203	1236	660	521	1181	378	377	550	
408	774	491	470	886	1010	855	579	536	1277	409	1118	
1240	795	777	1180	934	925	763	788	915	1268	736	735	
190	755	510	286	444	791	654	835	419	1254	189	
292	910	368	681	361	1009	765	468	1084	1235	291	
1025	27	20	16	1013	17	966	24	296	36	
322	121	1054	386	260	259	120	323	123	312	
202	203	278	232	590	287	205	256	288	206	
421	252	215	405	800	1251	593	214	453	230	
424	1267	242	399	216	866	495	1100	217	379	
710	658	1274	913	1076	175	348	176	407	
210	318	457	211	490	1089	451	443	477	
498	285	633	1161	880	351	879	963	284	
434	391	406	564	1137	392	1075	472	397	
620	779	1255	543	544	959	838	1279	596	
850	1125	875	1033	874	1030	926	1113	851	
598	79	96	99	183	339	912	80	
237	293	91	1163	389	90	1108	226	
1116	824	186	243	370	266	187	356	
373	492	1032	306	701	859	307	683	
357	1287	496	314	334	732	1250	315	
340	437	1244	1201	1183	1213	525	341	
1102	515	939	390	729	1283	354	355	
545	1227	647	656	992	552	1171	546	
1098	1216	958	1026	901	890	810	809	
806	807	1270	31	32	870	982	
66	64	338	75	1120	65	1060	
324	207	1191	522	87	86	166	
213	591	343	1223	395	342	212	
418	427	597	222	885	223	261	
289	432	519	1044	513	290	695	
718	1257	766	358	964	1214	359	
459	969	975	458	1167	818	819	
1019	1045	1160	645	600	1123	601	
938	655	688	604	605	640	641	
1128	815	936	935	1144	1115	814	
960	1222	952	988	989	1182	951	
124	1052	106	305	1051	105	
132	240	241	133	227	367	
518	143	142	169	1261	168	
180	520	179	364	1253	199	
413	834	1178	568	412	1117	
615	534	557	567	467	466	
635	1027	676	636	1016	675	
111	110	1205	303	753	
796	194	837	195	553	
209	634	208	449	1029	
627	858	1211	811	628	
955	1121	737	738	742	
750	778	1081	767	751	
1082	1074	783	1275	782	
1096	844	789	790	1105	
899	1217	898	1170	1069	
153	231	152	489	
192	445	191	366	
1230	196	251	197	
279	920	235	236	
267	268	540	555	
387	532	388	394	
547	463	400	401	
504	431	1195	430	
441	516	1068	442	
474	902	473	548	
1057	484	684	485	
486	821	662	657	
663	538	639	537	
997	561	1199	562	
643	1190	817	1260	
748	669	1008	668	
775	1011	776	784	
848	884	797	798	
857	921	856	1169	
882	883	978	1200	
894	973	993	895	
1034	1043	971	970	
1249	995	1221	996	
1005	1006	1087	1095	
85	311	84	
768	298	299	
301	300	1058	
571	308	309	
426	425	954	
631	584	583	
608	607	746	
611	610	709	
1194	664	665	
667	780	666	
673	672	1265	
678	677	769	
696	697	833	
730	725	724	
733	1215	734	
929	843	842	
878	877	1150	
889	888	956	
891	1243	892	
897	896	1234	
931	1000	930	
940	941	1126	
942	943	1129	
1070	948	947	
1048	1047	1225	
1135	1134	1139	
1165	1252	1282	
1258	1259	1276	
