1225	1212	1208	629	976	624	919	754	570	574	861	682	480	1089	652	603	542	524	614	613	1022	706	749	602	554	661	868	1080	1065	852	1012	764	1106	606	968	680	759	582	612	700	493	494	481	626	674	903	832	762	808	924	1192	651	679	690	1055	1145	836	689	739	1204	828	773	744	922	509	599	693	569	719	653	588	1056	860	1024	1189	965	747	927	722	723	1066	887	526	488	1138	578	630	937	869	1015	731	703	531	625	1017	906	707	622	950	846	1241	1162	687	845	867	616	692	1001	1164	1028	977	1109	974	917	932	698	816	933	621	711	637	533	785	638	822	464	465	745	577	
1155	1229	1277	1250	697	696	1093	1256	1159	1130	1181	1254	1108	1079	982	396	410	946	865	623	363	440	799	1061	371	726	471	535	632	497	1018	649	433	417	881	450	539	1073	694	592	362	462	787	1226	691	595	650	1072	839	923	893	529	478	263	514	1031	772	264	1067	401	400	463	540	463	268	267	555	1101	1111	870	1156	1274	1283	1242	891	892	981	184	761	369	1035	1149	384	270	271	429	360	344	447	380	479	508	302	381	572	385	589	827	275	337	346	185	283	414	274	547	820	
265	288	203	205	206	125	278	172	256	575	202	126	460	49	511	48	560	198	352	265	125	172	575	353	163	126	130	265	125	172	575	505	249	353	273	164	165	113	163	112	103	126	102	
466	567	557	534	467	615	590	287	232	1157	871	918	1049	872	1042	321	1258	320	1173	345	871	115	229	129	72	686	590	863	114	228	41	42	428	864	171	713	714	710	658	913	741	740	
779	544	620	543	1207	1243	730	724	725	413	834	568	412	838	779	544	620	543	596	779	544	620	543	959	908	907	779	544	620	543	196	197	251	
100	530	403	985	566	760	452	609	771	177	182	911	146	145	128	244	280	281	245	699	1023	752	101	1037	563	193	914	
523	1020	382	383	200	374	136	310	549	161	170	404	109	67	372	304	201	512	68	221	93	94	325	188	587	
501	1100	581	234	823	461	580	425	313	233	426	954	501	1100	581	234	823	461	580	425	313	233	
76	46	137	272	44	45	50	57	81	149	517	116	642	51	297	664	665	721	1091	720	336	335	
147	328	74	469	22	7	2	6	21	5	13	10	0	4	3	1	58	26	47	43	59	12	
327	941	940	326	244	280	281	245	699	1023	752	167	138	204	144	56	141	83	154	55	565	
712	70	60	69	157	73	61	743	551	40	29	28	98	248	150	151	159	158	174	
178	527	250	220	255	957	319	347	238	365	173	239	229	72	41	42	171	756	728	
376	804	155	156	1271	702	375	506	402	398	1166	244	280	281	245	699	1023	752	
92	71	556	1038	53	181	54	122	393	97	35	38	39	82	332	89	34	
178	527	250	220	255	963	347	238	365	173	229	72	41	42	171	756	728	
244	280	281	245	699	1023	752	167	138	204	144	56	141	83	154	55	565	
1209	999	1182	998	854	853	1176	904	905	1267	1042	321	1258	320	1173	345	
558	1143	416	826	781	876	454	1197	415	830	685	1153	770	928	984	
23	19	18	25	14	15	9	37	33	11	162	52	30	8	
774	491	579	1010	470	1188	886	1222	855	409	408	536	1093	1118	
244	280	281	245	699	1023	752	101	786	100	128	1158	994	530	
879	1233	1161	648	1107	709	610	611	988	951	989	960	952	
659	435	254	492	859	701	306	307	502	756	373	420	683	
659	435	805	139	140	849	502	576	825	528	953	829	420	
897	896	735	736	777	795	934	915	925	1180	763	788	
659	435	732	357	314	496	1287	315	334	139	140	590	
782	1082	783	1074	1194	1048	1247	1082	995	996	912	1047	
92	71	332	862	448	436	377	521	550	378	590	660	
111	303	110	40	29	28	98	840	841	303	753	110	
1218	282	573	455	107	456	646	277	276	127	108	1021	
77	78	507	295	88	118	148	119	117	160	104	131	
631	583	584	663	538	537	639	802	847	1223	803	
105	124	305	106	1025	1115	510	755	791	835	654	
230	800	269	593	421	405	252	453	214	215	
949	568	219	218	990	1165	1046	608	607	746	
77	78	295	88	118	148	119	117	160	131	
561	562	997	1255	1170	1154	618	617	1269	1133	
813	812	1087	1124	1005	1006	1095	1006	1095	
821	662	486	757	487	1122	1102	758	657	
926	850	1033	1113	1030	851	1125	874	875	
910	361	368	681	292	291	468	765	
735	736	777	795	934	915	925	763	
403	985	566	760	452	609	771	801	
819	975	969	964	1261	818	459	458	
451	490	477	318	443	211	457	210	
617	594	618	1054	1007	727	831	715	
1081	750	767	778	750	767	778	751	
809	1026	1248	958	1098	901	890	810	
31	807	1270	32	1275	806	1252	1257	
356	1116	187	370	266	243	186	824	
16	1013	17	296	36	27	20	24	
294	216	217	866	333	411	399	379	
246	559	873	247	262	1071	1146	708	
223	418	427	885	261	222	116	597	
391	472	434	397	564	406	392	
983	495	216	217	242	399	424	
935	814	1137	815	936	1075	1144	
390	939	515	729	354	355	390	
331	225	175	258	257	224	486	
432	290	695	1044	519	289	513	
430	504	431	235	236	279	
484	684	485	1057	684	485	
189	286	444	190	510	419	
323	322	386	260	259	312	
241	240	227	367	133	132	
545	546	656	992	647	552	
973	1009	1281	1249	1086	902	
1279	775	776	784	1103	1011	
1142	891	1131	892	930	1000	
627	811	858	628	316	317	
1175	398	156	702	1278	155	
1183	1282	1136	1264	1214	1187	
99	80	1201	96	79	598	
342	395	213	212	591	343	
1238	195	553	796	194	837	
1272	1169	889	888	1123	956	
676	1027	675	635	636	1016	
99	80	339	96	79	183	
633	1014	351	498	284	285	
166	86	324	87	207	522	
178	1253	250	220	255	
645	600	1019	1045	601	
880	1213	879	1203	648	
64	65	75	338	66	
518	169	142	143	168	
859	944	590	1171	945	
1190	817	967	644	643	
1152	1119	999	1182	998	
254	253	107	127	108	
135	134	95	63	62	
789	844	790	1096	
1034	1043	971	970	
797	848	884	798	
634	209	449	208	
350	446	1037	349	
359	358	766	718	
1036	1199	1167	1237	
387	394	532	388	
1163	1276	1179	1099	
1196	1284	900	1198	
175	407	176	348	
489	153	231	152	
640	605	655	641	
916	1215	1008	1263	
1053	1134	1139	1135	
441	516	442	1068	
737	742	955	738	
769	678	717	677	
525	341	340	437	
1230	1266	1069	899	
90	237	293	389	
1262	1059	1147	1117	
366	192	191	445	
98	1050	743	551	
1224	1221	1273	
506	402	375	
1221	1148	1273	
1244	1239	1220	
1112	1217	1141	
856	921	857	
1040	1150	1083	
878	1105	877	
1202	1197	1206	
199	179	180	
1245	979	980	
483	1160	482	
1129	943	942	
882	883	978	
586	585	1002	
1132	1185	1168	
748	669	668	
843	929	842	
1077	1003	1004	
499	500	541	
439	438	648	
294	333	411	
121	123	120	
1041	1259	1178	
1062	991	990	
1092	831	716	
666	780	667	
1058	301	300	
473	474	548	
671	670	1210	
962	1193	961	
1234	1227	463	
1085	226	91	
364	179	180	
1260	986	987	
308	571	309	
1177	794	1174	
1104	1060	1286	
733	1219	734	
422	423	1236	
898	1069	899	
920	1186	1128	
1191	972	1184	
793	672	673	
311	85	84	
768	299	298	
1121	1120	1251	
1265	1051	1052	
1221	1127	1273	
947	948	1070	
1078	1088	619	
520	179	180	
1235	704	705	
604	938	688	
1044	1064	1063	
476	792	475	
503	330	329	
1172	1240	648	
909	1114	833	
895	993	894	
1211	1246	1039	
1095	1029	1005	
1128	303	1151	
